########################## Contagem somente do cálculo do programa

EP1Seq = [
[86.696,	86.055,		85.364,		85.425,		83.508,		83.106,		85.347,		83.528,		85.978,		87.382,		85.999,		85.544,		85.75,		85.76  ],
[171.29,	169.856,	171.119,	169.898,	171.214,	169.83,		171.036,	171.495,	172.792,	171.955,	170.86,		170.295,	172.382,	172.727],
[8240.89,	8301.76,	8193.78,	8174.59,	8188.2,		8161.23,	8222.26,	8172.86,	8206.92,	8200.92,	8236.88,	8192.29,	8183.28,	8160.97],
[40582.3,	40623.6,	40714.9,	40447,		40461.5,	40422.6,	40558.7,	40553.9,	40646.4,	40435.5,	39383.8,	39408.8,	39468.5,	39517.8],
[78831.4,	80671.1,	81038.8,	81837.1,	81091.8,	81292.3,	81236.7,	79093,		82047.1,	81312.8,	81353.7,	81238.1,	81264.5,	82012.4],
[211715,	208188,		208776,		220687,		220578,		205377,		244793,		232870,		226241,		219832,		220524,		224368,		214117,		203868]
]

EP1Paralel1 = [
[235.7,		235.06,		234.36,		234.42,		232.51,		232.11,		234.35,		232.53,		234.98,		236.38,		235,		234.54,		234.75,		236.76 ],
[320.29,	318.86,		320.12,		318.9,		320.21,		318.83,		320.04,		320.5,		321.79,		320.96,		319.86,		319.29,		321.38,		172.727],
[8389.89,	8450.76,	8342.78,	8323.59,	8337.2,		8310.23,	8371.26,	8321.86,	8355.92,	8349.92,	8385.88,	8341.29,	8332.28,	8311.97],
[40731.3,	40772.6,	40863.9,	40596,		40610.5,	40571.6,	40707.7,	40702.9,	40795.4,	40584.5,	39532.8,	39557.8,	39617.5,	39668.8],
[78980.4,	80820.1,	81187.8,	81986.1,	81240.8,	81441.3,	81385.7,	79242,		82196.1,	81461.8,	81502.7,	81387.1,	81413.5,	82163.4],
[211864,	208337,		208925,		220836,		220727,		205526,		244942,		233019,		226390,		219981,		220673,		224517,		214266,		204019]
]

EP1Paralel2 = [
[165.79,	177.752,	174.197,	178.637,	192.425,	200.051,	164.926,	165.613,	203.921,	163.456,	172.135,	173.82,		160.994,	204.416],
[188.725,	179.386,	186.096,	182.118,	188.485,	205.232,	287.172,	227.158,	188.365,	186.687,	175.473,	196.664,	230.414,	181.529],
[2012.19,	2016.48,	1995.73,	2212.51,	2011.16,	1994.2,		2013.77,	2031.01,	1972.46,	2038.32,	2034.78,	1988.65,	2004.43,	2009.48],
[9365.51,	9249.3,		9258.68,	9859.73,	9566.04,	10226.3,	9615.82,	9573.95,	9580.71,	9530.37,	9831.41,	9814.07,	9732.43,	9992.16],
[19495.4,	19256.4,	19282.3,	19313.6,	19503.4,	21108.5,	20399.5,	21930.7,	21018.6,	20471.4,	19868.2,	19851.4,	20530.5,	20115.7],
[115142,	115741,		115940,		112642,		113416,		112269,		111424,		114240,		113703,		130301,		154274,		148021,		145623,		145857 ]
]

EP1Paralel3 = [
[219.993,	196.903,	181.446,	190.452,	192.877,	201.356,	188.91,		190.583,	176.982,	189.402,	236.194,	201.227,	176.542,	194.217],
[229.499,	212.085,	214.482,	217.318,	225.005,	234.746,	213.633,	212.609,	220.676,	219.206,	237.169,	226.69,		209.604,	212.977],
[2267.77,	2329.31,	2287.8,		2242.2,		2275.99,	2325.33,	2247.81,	2250.37,	2357.82,	2288.82,	2285.03,	2305.17,	2323.29,	2322.75],
[10887.8,	11499,		11652.6,	11411.2,	11397.5,	11539.4,	11304.3,	11582,		11286.2,	11565.6,	11758.1,	11657.3,	11771.8,	11682.2],
[23608,		24628.2,	22906.2,	22842.3,	22656.2,	22626.2,	23921.6,	23072,		22881.3,	23013,		23415.4,	22899.1,	22568.7,	24188.8],
[129560,	132264,		153504,		161914,		159823,		148036,		124890,		126991,		141060,		152103,		148561,		145825,		146284,		144886 ]
]

EP1Paralel4 = [
[137.182,	138.457,	135.526,	137.253,	140.263,	155.708,	138.439,	137.359,	137.663,	139.075,	140.788,	138.601,	139.314,	141.322],
[160.988,	235.727,	160.425,	158.788,	159.262,	164.138,	160.213,	161.523,	161.741,	159.354,	161.744,	159.888,	160.065,	159.857],
[1737.82,	1745.02,	1745.68,	1743.47,	1732.42,	1789.47,	1742.03,	1756.73,	1763.08,	1736.13,	1754.53,	1756.8,		1736.88,	1741.81],
[8228.32,	8367.44,	8303.03,	8383.35,	8409.38,	8393.03,	8397.45,	8505.2,		8484.42,	8369.76,	8485.28,	8456.08,	8470.89,	8463.01],
[17166.9,	17537,		17728.4,	17130.5,	18064.8,	17360.2,	17085.4,	17112.4,	17112.6,	17069.4,	17596.7,	17612.1,	17589.8,	17596.3],
[94185.7,	93334.9,	95357.2,	93835,		93870.1,	95343.7,	93485.3,	93301.6,	92632.8,	95532.7,	92629.3,	92630.9,	93027.1,	96062  ]
]

EP1Paralel8 = [
[138.582,	143.917,	145.102,	140.159,	140.18,		141.279,	144.592,	139.185,	139.467,	139.064,	139.314,	141.315,	147.471,	141.026],
[162.103,	163.041,	164.846,	230.707,	162.648,	165.108,	160.767,	160.294,	163.125,	161.57,		161.327,	158.948,	161.805,	160.101],
[1742.19,	1733.69,	1737.51,	1738.7,		1742.74,	1772.38,	1764.6,		1734.76,	1753,		1761.19,	1742.26,	1740.78,	2366.3,		1754.09],
[8339.49,	8190.68,	8227,		8321.62,	8406.85,	8385.73,	8395.92,	8424.75,	8407.06,	8393.2,		8390.54,	8629.68,	8367.84,	8445.5 ],
[17410.2,	17379,		17366.4,	17581,		17398.5,	17278.4,	18573,		17249.9,	17594.1,	17400,		17525.9,	17373.2,	17618.7,	17540.3],
[92448.5,	92872.7,	93988,		93879.7,	93320.3,	92952,		94370.7,	93734.4,	94399,		93486.2,	95717.5,	92485.3,	92147.9,	92717.2]
]

EP1BSTSeq = [
[6910.73,	6945.39,	7000.13,	6799.58,	6779.88,	6755.57,	6969.95,	7009.3,		6739.88,	6845.14,	6730.04,	7139.8,		7000.67,	6648.92],
[6995.84,	6965.24,	7085.33,	7139.36,	7218.36,	6768.62,	6837.88,	6741,		6950.24,	6959.38,	6794.6,		6759.21,	6800.43,	6644.72],
[8129.96,	8895.07,	8525.57,	8339.82,	8377.28,	8079.81,	8369.82,	8340.14,	8389.85,	8235.75,	8434.01,	8255.69,	8160.95,	8303.66],
[7149,		7128.72,	7290.83,	6949.65,	6965.75,	7135,		7145.62,	7137.15,	7144.93,	6969.66,	7144.8,		6985.52,	7089.87,	6828.45],
[7029.87,	6980.39,	6970.85,	7007.51,	6969.91,	7085.26,	7015.25,	6969.06,	7004.48,	6790.07,	6757.72,	6720.05,	6737.58,	6653.93],
[6784.55,	6790.2,		6760.31,	7029.33,	7005.23,	6760.93,	6960.49,	6815.96,	6865.09,	6855.11,	6780.08,	7018.18,	7105.06,	6809.88]
]

EP1BSTParalel1= [
[6826.73,	6843.39,	6916.13,	6708.58,	6688.88,	6653.57,	6878.95,	6918.3,		6648.88,	6743.14,	6646.04,	7048.8,		6916.67,	6648.92],
[6893.84,	6863.24,	6983.33,	7048.36,	7125.36,	6675.62,	6744.88,	6648,		6866.24,	6868.38,	6701.6,		6668.21,	6716.43,	6644.72],
[8038.96,	8793.07,	8423.57,	8248.82,	8284.28,	7988.81,	8278.82,	8256.14,	8298.85,	8133.75,	8341.01,	8153.69,	8076.95,	8303.66],
[7056,		7035.72,	7206.83,	6858.65,	6863.75,	7042,		7043.62,	7044.15,	7051.93,	6878.66,	7051.8,		6883.52,	6998.87,	6828.45],
[6938.87,	6896.39,	6886.85,	6914.51,	6878.91,	6983.26,	6913.25,	6878.06,	6911.48,	6706.07,	6664.72,	6636.05,	6644.58,	6653.93],
[6691.55,	6706.2,		6676.31,	6938.33,	6903.23,	6676.93,	6876.49,	6713.96,	6763.09,	6753.11,	6696.08,	6925.18,	7003.06,	6811.88]
]

EP1BSTParalel2 = [
[6818.73,	6810.39,	6908.13,	6684.58,	6664.88,	6610.57,	6859.95,	6891.3,		6621.88,	6700.14,	6627.04,	7029.8,		6897.67,	6648.92],
[6843.84,	6820.24,	6940.33,	7024.36,	7106.36,	6656.62,	6725.88,	6629,		6847.24,	6849.38,	6682.6,		6641.21,	6697.43,	6644.72],
[8014.96,	8743.07,	8380.57,	8224.82,	8265.28,	7961.81,	8259.82,	8248.14,	8274.85,	8083.75,	8322.01,	8103.69,	8068.95,	8272.66],
[7037,		7016.72,	7198.83,	6831.65,	6813.75,	7023,		7000.62,	7025.15,	7032.93,	6854.66,	7032.8,		6833.52,	6974.87,	6828.45],
[6911.87,	6877.39,	6867.85,	6895.51,	6854.91,	6933.26,	6870.25,	6851.06,	6892.48,	6698.07,	6645.72,	6617.05,	6625.58,	6622.93],
[6672.55,	6698.2,		6668.31,	6919.33,	6853.23,	6668.93,	6857.49,	6663.96,	6713.09,	6710.11,	6688.08,	6906.18,	6953.06,	6811.88]
]

EP1BSTParalel3 = [
[6981.14,	6911.69,	6990.46,	7002.86,	6670.32,	7404.88,	6807.93,	6706.25,	7095.67,	7270.85,	7161.04,	6714.07,	6979.61,	6841.2 ],
[6833.96,	6881.06,	6811.8,		6758.2,		6800.15,	6530.94,	6750.02,	6759.57,	6740.63,	6480.15,	6545.92,	6500.77,	6853.42,	6716.1 ],
[7946.96,	7848.27,	8095.96,	8090.73,	8124.81,	8112.17,	8415.54,	8052.29,	7911.51,	8115.47,	8113.99,	7820.67,	7861.62,	8220.71],
[6913.21,	7369.25,	7326.44,	6688.45,	6844.57,	6610.23,	6677.18,	6627.07,	6668.61,	6662.82,	6906.46,	6811.34,	6967.76,	6869.6 ],
[6769.68,	6558.62,	6507,		6557.55,	6642.14,	6935.57,	6882.52,	6686.19,	6686.17,	6695.21,	6820.96,	6879.62,	6761.89,	6717.63],
[6715.25,	6715.6,		6659.47,	6652.85,	6940.43,	6694.85,	6685.21,	6907.45,	6867.43,	6784.07,	6714.95,	6910.1,		7087.99,	6907.12]
]

EP1BSTParalel4 = [
[6785.08,	6669.14,	6632.37,	6864.59,	6927.23,	6696.06,	6704.59,	6764.54,	6949.97,	6662.21,	6663.55,	6789.07,	7110.21,	6975.64],
[6894.36,	6745.02,	6968.18,	6812.45,	6667.22,	6859,		6856.48,	6850.52,	6907.1,		6894.59,	6724.27,	6711.55,	6864.66,	6872.68],
[8259.92,	8237.42,	8223.56,	8269.59,	8280.36,	8294.13,	8284.4,		8018.71,	8240.81,	8149.73,	8228.53,	8093.58,	8253.09,	8287.59],
[7082.07,	7030.55,	6799.71,	6781.54,	7018.7,		7032.23,	7438.02,	7402.66,	7401.32,	6990.02,	6928.62,	6828.44,	6891.29,	7054.6 ],
[6686.02,	6657.25,	6664.08,	8107.58,	7098.97,	6904.08,	6852.83,	6682.45,	6854.65,	6665.4,		6711.37,	6753.56,	7011.69,	6771.6 ],
[6979.48,	6663.05,	6614.33,	6928.13,	6931.62,	6761.5,		6798.36,	6605.79,	6637.3,		6805.97,	6772.52,	6716.67,	6971.05,	6691.49]
]

EP1BSTParalel8 = [
[6780.75,	6765.56,	6806.4,		6800.65,	6649.95,	6792.4,		6627.43,	6625.88,	6984.58,	6667.82,	6647.28,	6739.15,	6834.76,	6835.11],
[6747.29,	6948.36,	6630.44,	6864.7,		6984.97,	7405.15,	7217.04,	6765.6,		7995.02,	6914.22,	6868.78,	7013.06,	6825.41,	6782.76],
[8155.95,	8211.2,		8228.37,	8288.85,	8215.71,	8450.36,	8438,		8191.5,		8205.1,		8187.82,	8178.17,	8149.56,	8368.53,	8166.64],
[6912.52,	6988.3,		6929.05,	6929.01,	6881.71,	6955.51,	6956.1,		6907.71,	7024.57,	6858.79,	6946.94,	7011.17,	6952.43,	6971.31],
[6726.05,	6764.89,	6695.65,	6772.78,	6722.89,	6656.14,	6780.27,	6702.75,	6773.81,	6751.98,	6751.05,	6834.18,	6824.49,	6748.25],
[6933.32,	6852.42,	6833.48,	6751.07,	6983.29,	6816.21,	6759.84,	6798.25,	6836.08,	6670.67,	6757.64,	6752.37,	6855.32,	6940.7 ]
]

EP1Hash = [
[0.001,		0.001,		0.001,		0.001,		0.001,		0.001,		0.001,		0.001,		0.001,		0.001,		0.001,		0.001,		0.001,		0.001],
[0.001,		0.001,		0.001,		0.001,		0.001,		0.001,		0.001,		0.001,		0.002,		0.001,		0.001,		0.001,		0.001,		0.009],
[0.037,		0.037,		0.044,		0.039,		0.043,		0.037,		0.036,		0.036,		0.05,		0.035,		0.04,		0.036,		0.039,		0.043],
[0.19,		0.2,		0.182,		0.196,		0.191,		0.194,		0.19,		0.19,		0.185,		0.19,		0.201,		0.194,		0.193,		0.188],
[0.377,		0.383,		0.449,		0.397,		0.38,		0.383,		0.377,		0.383,		0.381,		0.398,		0.379,		0.371,		0.378,		0.372],
[1.817,		1.87,		1.822,		1.849,		1.809,		1.825,		1.921,		1.883,		1.846,		1.866,		1.887,		1.848,		1.854,		1.867]
]


########################## Contagem TOTAL do programa
EP1Seq = [
[3163.53,	2943.31,	2934.73,	2946.43,	2960.94,	2934.12,	2940.34,	2954.83,	2955.95,	2980.45,	3093.21,	2951.15,	3070.36,	2956.27],
[3000.83,	2995.46,	2968.16,	2991.22,	2951.64,	3060.52,	2954.85,	3045.76,	3129.07,	3004.12,	3090.21,	3042.53, 	3019.49,	3859.6 ],
[6222.18,	6183.79,	6085.46,	6234.45,	6234.08,	6209.05,	6098.19,	6232.93,	6129.42,	6316.7,		6111.36,	6056.91,	6000.84,	6038.62],
[18968.4,	18986,		19031.1,	19068,		18993.2,	18981.9,	19121,		18991.8,	19144.8,	18963,		19086.1,	18998.3,	19050.4,	18993  ],
[34243,		34366,		34243,		34437.3,	35258.7,	34399.6,	34345.5,	34203.1,	34264.1,	34359.2,	34220.3,	34115,		34269.8,	34202.7],
[195897,	196060,		196194,		196268,		196615,		196051,		192978,		195385,		195947,		195797,		193845,		190516,		195425,		195466 ]
]

EP1Paralel1 = [
[2964.51,	2980.8,		2955.91,	2947.05,	3021.73,	2989.92,	3032.54,	2941.07,	2931.01,	2926.27,	2931.58,	2925.94,	2926,		2944.71],
[2990.74,	2998.31,	3013.92,	2958.85,	2958.36,	2962,		2964,		2948.12,	2949.08,	2958.92,	2946.81,	2954.12,	2966.84,	3019.07],
[6372.06,	6526.49,	6346.65,	6490.51,	6396.1,		6343.92,	6370.31,	6399.4,		6451.82,	6372.32,	6380.98,	6359.79,	6389.57,	6371.62],
[20120.4,	20102.5,	20108.4,	20066.5,	20244.2,	20130.5,	20037.1,	20141.9,	20318.2,	20022.1,	20015.9,	20042.3,	20034,		20063.1],
[36899,		37001.1,	37047.1,	36976.4,	37075.4,	36944.8,	37025.1,	36937.6,	37000.2,	37064.8,	37144.2,	36962.2,	37093.9,	36973.1],
[196871,	197268,		197609,		197079,		196423,		200830,		202386,		201827,		200765,		200337,		203281,		200484,		203688,		200786]
]

EP1Paralel2 = [
[2786.18,	2788.97,	2788.58,	2791.88,	2778.56,	2786.07,	2781.15,	2778.12,	2786.01,	2779.61,	2789.48,	2782.22,	2788.65,	2797.29],
[2846.17,	2789.65,	2794.28,	2804.42,	2827.25,	2808.07,	2872.95,	2833.81,	2792.7,		2809.07,	2804.72,	2803.71,	2805.83,	2809.02],
[4561.46,	4559.76,	4560.29,	4562.77,	4596.59,	4559.71,	4565.71,	4552.22,	4556.79,	4564.61,	4588.48,	4570.32,	4576.07,	4652.67],
[11648.6,	11653.3,	11737.1,	11704.4,	11855.5,	11847.1,	11830,		11850,		11864.8,	11841.6,	11854.3,	11877.4,	11869.2,	11863.3],
[21195.1,	21192.9,	21216.3,	21202.3,	21207.6,	21212.6,	21215,		21304.9,	21231,		21221.1,	21242.1,	21285.7,	21183.7,	21262.7],
[115120,	117391,		117305,		124889,		119670,		119418,		111477,		111631,		112165,		112076,		111886,		112843,		110715,		112583]
]

EP1Paralel3 = [
[2833.46,	2796.84,	2809.95,	2785.14,	2832.84,	2794.96,	2801.6,		2791.41,	2801.14,	2823.35,	2802.54,	2789.52,	2795.79,	2808.2],
[2824.06,	2806.96,	2815.4,		2806.5,		2817.22,	2811.64,	2803.67,	2805.94,	2813.18,	2803.27,	2809.07,	2805.78,	2818.63,	2844.33],
[4508.1,	4514.51,	4497.55,	4491.57,	4494.84,	4497.23,	4489.75,	4518.87,	4504.38,	4500.1,		4504.01,	4506.55,	4456.5,		4542.19],
[11449.4,	11574.2,	11435.3,	11438.6,	12178.9,	11515.5,	11634.4,	11662,		11648.6,	11609.1,	11602.5,	11601.6,	11637.1,	11697.5],
[21463.7,	21249,		20962.1,	20890.2,	20879.6,	21402.5,	21446.7,	20778.3,	21032,		21669.2,	20611.5,	20885.2,	21317.7,	21331.7],
[108530,	105056,		105760,		107347,		107073,		109210,		109008,		111838,		106566,		105640,		110613,		106664,		106513,		106865]
]

EP1Paralel4 = [
[2769.16,	2766.23,	2771.61,	2771.68,	2775.79,	2762.83,	2784.04,	2764.44,	2765.37,	2765.54,	2760.42,	2763.45,	2759.11,	2761.25],
[2797.6,	2793.75,	2792.47,	2794.63,	2789.87,	2789.03,	2800.54,	2785.14,	2779.87,	2785.48,	2788.03,	2786.41,	2782.06,	2778.69],
[4351.22,	4378.46,	4349.21,	4362.02,	4357.24,	4344.25,	4358.37,	4356.34,	4356.61,	4342.64,	4345.86,	4348.71,	4348.89,	4348.64],
[10912.4,	10739.4,	10716.8,	10820,		10922.4,	10971.6,	11002.7,	10969.1,	10973.2,	10996.3,	10942.7,	10971.3,	11038.5,	10890.4],
[19417.7,	19435.8,	19384.9,	19439.2,	19444.5,	19390.3,	19555.4,	19770.9,	19475.6,	19460.2,	19404.6,	19466.1,	19341.9,	19442],
[97155.4,	96772,		99187.2,	96562.5,	98454.6,	96707.4,	96705.3,	96567.7,	96608.6,	95779.6,	96186.8,	96580.2,	99530.5,	97915.6]
]

EP1Paralel8 = [
[2800.81,	2780.67,	2762.92,	2766.75,	2760.68,	2767.67,	2800.93,	2757.03,	2768.55,	2755.19,	2768.21,	3024.68,	2765.91,	2756.99],
[2794.23,	2794.2,		2807.39,	2805.68,	2775.74,	2788.28,	2792.12,	3038.82,	2792.61,	2799.52,	2798.33,	2788.91,	2830.37,	2778.4],
[4383.74,	4356.64,	4345.91,	4341.88,	4364.84,	4355.92,	4341.08,	4381.08,	4355.06,	4350.34,	4363.2,		4377.07,	4349.18,	4349.91],
[10763.4,	10788.7,	10744.9,	10737.8,	10930.4,	10951.6,	10921.6,	10890.3,	10932.1,	10997.4,	10856,		10879.7,	10861.5,	10875.5],
[19590.1,	19951.5,	20712.1,	19758.7,	19806.4,	19825,		19947.5,	19753.7,	20123.9,	19766.8,	19735.1,	19854.5,	19821,		20890.8],
[95703.2,	96775.9,	97704.8,	95464.6,	97844.7,	96981.8,	95940.4,	97328.1,	96964.5,	95174.4,	97742.1,	94848.9,	97215.3,	96984.7]
]

EP1BSTSeq = [
[9414.24,	9401.25,	9167.85,	9167.32,	9351.46,	9394.7,		9162.98,	9386.92,	9376.28,	9166.85,	9183.81,	9209.47,	9148.04,	9155.64],
[9255.58,	9386.5,		9431.21,	9411.77,	9197.73,	9134.46,	9180.06,	9139.45,	9179.35,	9176.55,	9234.93,	9176.35,	9177.19,	9224.99],
[10535,		11045.7,	10793,		10773.1,	10845.4,	10514.9,	10459,		10520.4,	10452.4,	10475.8,	10484,		10762.3,	10916,		10548.3],
[9512.5,	9278.78,	9323.75,	9554.5,		9525.05,	9311.42,	9301.44,	9532.97,	9543.04,	9570.26,	9358.95,	9520.22,	9297.63,	9302.32],
[9328.1,	9398.96,	9197.34,	9191.82,	9176.18,	9211.03,	9184.45,	9454.67,	9802.89,	9417.08,	9172.06,	9321.42,	9222.83,	9193.46]
[9649.61, 	9215.41,	9362.88,	9157.71, 	9456.45, 	9484.48, 	9482.05, 	9249.26, 	9188.7, 	9206.47, 	9459.97, 	9472.62, 	9214.97, 	9190.68]
]

EP1BSTParalel1 = [
[9080.36,	9059.01,	9163.45,	9108.8,		9093.11,	9113.47,	9310.29,	9328.39,	9056.22,	9117.68,	9204.12,	9334.28,	9326.74,	9281.75],
[9290.04,	9080.32,	9076.76,	9396.73,	9069.17,	9317.39,	9103.18,	9356.21,	9310.68,	9074.01,	9141.72,	9076.21,	9100.04,	9310.16],
[10689.5,	10391.3,	10350.7,	10394.1,	10656.3,	10404.9,	10575.2,	10805.3,	10695.3,	10828.5,	10908.5,	10895,		10751.4,	10881.8],
[9478.89,	9631.04,	9197.88,	9196.46,	9191.12,	9415.13,	9508.41,	9188.15,	9186.09,	9173.52,	9160.41,	9155.45,	9406.36,	9344.34],
[9046.41,	9274.63,	9277.62,	9082.92,	9058.1,		9376.17,	9041.17,	9069.13,	9063.43,	9038.08,	9100.61,	9064.91,	9074.37,	9396.09],
[9315.66,	9348.52,	9073.11,	9322.37,	9299.12,	9130.08,	9309.23,	9277.54,	9330.15,	9085.32,	9088.17,	9293.74,	9039.22,	9070.88]
]

EP1BSTParalel2 = [
[9418.51,	9521.83,	9371.12,	9333.46,	9049.98,	9370.91,	9042.3,		9056.22,	9328.61,	9086.11,	9101.49,	9048.88,	9282.75,	9310.26],
[9070.49,	9034.83,	9154.6,		9110.84,	9059.91,	9145.81,	9367.5,		9373.35,	9063.79,	9062.68,	9081.9,		9285.87,	9293.19,	9096.12],
[10333.3,	10345.5,	10790.8,	10337.5,	10352.8,	10648.3,	10693.6,	10643.7,	10825.9,	10305.5,	10654.8,	10545,		10328.8,	10655.4],
[9214.38,	9423.46,	9510.97,	9436.89,	9424.8,		9407.83,	9459.74,	9413.54,	9432.83,	9224.67,	9162.68,	9404.78,	9397.65,	9417.44],
[9340.75,	9133.48,	9288.89,	9070.96,	9056.64,	9297.44,	9036.82,	9027.72,	9087.41,	9043.51,	9037.31,	9284.77,	9307.37,	9312.53],
[9349.85,	9067.31,	9364,		9329.06,	9299.98,	9353.11,	9297.17,	9343.02,	9341.23,	9229.5,		9068.75,	9362.51,	9303.28,	9076.71]
]

EP1BSTParalel3 = [
[9064.5,	9290.41,	9046.65,	9072.15,	9079.89,	9111.47,	9052.55,	9288.17,	9087.43,	9271.91,	9310.82,	9012.93,	9297.37,	9051.41],
[9054.14,	9234.47,	9066.5,		9295.5,		9054,		9069.51,	9109.38,	9307.73,	9125.35,	9288.37,	9247.57,	9068.91,	9311.58,	9313.46],
[10738.2,	10325.7,	10331.1,	10333.5,	10661.4,	10607.4,	10621.7,	10606.9,	10317.2,	10348.8,	10344.2,	10402.2,	10309.3,	10301.7],
[9250.81,	9441.41,	9340.97,	9029.31,	9108.18,	9048.16,	8999.77,	9261.52,	9023.47,	9250.12,	8997.32,	9025.12,	8994.25,	9257.26],
[9145.95,	9154.53,	9098.83,	9338.83,	9137.18,	9165.56,	8878.34,	8873.42,	8885.61,	8907.73,	8867.88,	8952.18,	9103,		8876.9],
[9069.99,	9287.1,		9362.63,	9096.13,	9316.8,		9325.71,	9316.29,	9354.94,	9353.81,	9333.09,	9105.62,	9378.14,	9277.45,	9320.7]
]

EP1BSTParalel4 = [
[9112.64,	10339.2,	9274.96,	9109.59,	9112.95,	9165.11,	8858.1,		9131.2,		8967.51,	8861.51,	8875.38,	8926.44,	9111.54,	9013.66],
[9117.64,	9143.83,	9159.72,	9109.52,	9261.07,	9041.9,		9018.25,	9025.79,	9290.72,	9007.06,	9081.3,		9061.09,	9088.77,	9033.25],
[10612.7,	11111.9,	10323.2,	10516.5,	10369.3,	10692,		10356.6,	10755.7,	10626.1,	10644.8,	10622.1,	10318.2,	10647.6,	10326.2],
[9270.3,	9205.04,	9240.11,	9443.34,	9416.98,	9212.48,	9418.49,	9169.41,	9213.8,		9502.13,	9520.35,	9238.69,	9478.89,	9425.78],
[9124.15,	9075.21,	9043.82,	9120.19,	9085.5,		9088.82,	9115.33,	9098.55,	9062.14,	9308.98,	9055.22,	9308.19,	9282.91,	9294.13],
[9388.56,	9307.1,		9081,		9147.13,	9320.55,	9354.96,	9346.37,	9087.62,	9281.08,	9187.87,	9078.98,	9735.31,	9087.27,	9215.25]
]

EP1BSTParalel8 = [
[9072.61,	9306.92,	9056.66,	9063.96,	9403.36,	9271.15,	9306.42,	9289.19,	9159.35,	9308.65,	9079.87,	9279.55,	9290.15,	9052.98],
[9193.97,	9033.52,	9293.76,	9315.94,	9306.87,	9044.33,	9048.22,	9264.72,	9283.69,	9265.57,	9278.96,	9058.63,	9044.55,	9330.37],
[10717.6,	10648.5,	10868.7,	10710.4,	10384.2,	10646.3,	10338.5,	10323.6,	10775.8,	10428.1,	10330.9,	10657.9,	10354.8,	10505.8],
[9207.44,	9181.48,	9174.97,	9186.78,	9488.49,	9236.71,	9462.22,	9202.56,	9186.63,	9159.23,	9169.14,	9190.88,	9414.08,	9430.89],
[9642.48,	9069.01,	9064.9,		9059.84,	9469.42,	9028.5,		9074.65,	9340.12,	9315.24,	9080.34,	9373.64,	9031.1,		9092.36,	9438.06],
[9096.55,	9337.3,		9342.97,	9363.69,	9112.4,		9334.28,	9309.04,	9310.92,	9353.68,	9058.81,	9296.7,		9355.82,	9331.19,	9319.25]
]

EP1Hash = [
[8261.47,	8255.4,		8559.3,		8419.45,	8347.24,	8140.57,	8536.76,	8272.07,	8251.51,	8265.46,	8273.48,	8131.68,	8292.99,	8157.35],
[8165.74,	8164.25,	8303.15,	8325.16,	8124.15,	8348.24,	8333,		8134.11,	8179.05,	8399.32,	9640.9,		10055.3,	9111.24,	8882.38],
[8603.82,	8708.47,	9826.66,	9017.63,	9111.52,	8960.41,	9148.74,	9220.12,	9277.96,	9519.75,	10422.5,	10229.6,	9196.39,	9267.17],
[9556.89,	9365.04,	9245.11,	9109.26,	9755.26,	9045,		9521.5,		10386.8,	11408.6,	10811.3,	9061.94,	9233.2,		9307.61,	9269.08],
[8000.1,	8128.94,	8010.52,	7984.97,	8159.45,	8156.38,	8189.94,	8001.65,	8183.69,	8093.4,		8175.72,	8274.35,	8174.67,	7978.18],
[10247.3,	10036,		10241.2,	9895.06,	9385.96,	9357.45,	9467.28,	9336.99,	9201.34,	9247.25,	9138.52,	9156.33,	8859.69,	8987.28]
]

EP1BSTSeq = [
[9966.58, 9610.68, 9558.92, 9599.28, 9400.32, 9597.01, 10084.1, 9595.37, 10108.2, 9750.55, 9696.56, 9549.99, 9546.58, 9622.09, ],
[9495.82, 9671.09, 9504.39, 9820.21, 9792.89, 9878.9, 9526.42, 9348.48, 9625.97, 9588.54, 9582.28, 9629.67, 9504.56, 9514.33, ],
[9672.58, 9505.1, 9732.2, 9539.12, 9374.29, 9531.96, 9465.17, 9343.37, 9436.23, 9504.53, 9530.8, 9403.68, 9474.37, 9294.89, ],
[10947.2, 10909.2, 10909.6, 10685, 10729.6, 10687.8, 10749.5, 10931.5, 10931.2, 10904.2, 10888.6, 10897.2, 10732.5, 10745.6, ],
[9304.46, 9346.51, 9538.21, 9498.51, 9704.66, 9596.96, 9358.97, 9619.12, 9839.53, 9897.66, 9923.27, 9734.92, 10165.2, 9446.72, ],
[9700.44, 10207, 9441.35, 9405.48, 10341.6, 9760.36, 9787.35, 9651.27, 9507.87, 9476.52, 9207.08, 9370.46, 9472.8, 9400.92, ],
[9332.73, 9360.92, 9346.38, 9193.76, 9173.07, 9212.38, 9074.57, 9317.73, 9429.58, 9317.39, 9170.54, 9156.47, 9330.46, 9356.61, ],
[9159.68, 9333.89, 9321.05, 9072.77, 9072.15, 9152.89, 9134.79, 9098.33, 9301.98, 9343.41, 9089.56, 9121.58, 9104.34, 9112.1, ],]

EP1BSTParalel1 = [
[9550.95, 9212.63, 9205.42, 9142.12, 9372.23, 9430.37, 9123.65, 9128.96, 9196.16, 9478.36, 9420.08, 9160.76, 9424.48, 9425.23, ],
[9223.64, 9451.2, 9404.68, 9329.9, 9144, 9374.27, 9385.05, 9337.53, 9408.45, 9193.57, 9176.2, 9418.26, 9375.35, 9383.44, ],
[9371.85, 9198.26, 10040.1, 9233.38, 9369.68, 9193.25, 9119.67, 9395.18, 9465.06, 9158.55, 9893.63, 9430.53, 9374.41, 9609.49, ],
[11025.9, 10990.8, 11083.5, 11048.5, 11080.4, 10838.7, 10830, 11000.2, 11009.1, 10852.2, 10809.7, 11018.1, 10972.5, 11055.6, ],
[9576.29, 9453.77, 9659.49, 9427.04, 9612.73, 9597.26, 9715.92, 9606.41, 9602.99, 9555.92, 9388.93, 9602.01, 9630.01, 9627.24, ],
[9745.27, 9585.94, 9694.32, 9870.1, 9796.7, 9569.98, 9749.01, 9730.03, 9733.13, 9744.98, 9562.48, 9644.79, 9745.63, 9595.67, ],
[9702.25, 9584.86, 9611.59, 10132.9, 9738.2, 9736.09, 9660.45, 9397.9, 9652.63, 9421.44, 9425.39, 9436.97, 9571.65, 9613.61, ],
[9644.57, 9660.16, 9493.03, 9361.2, 9650.65, 9642.21, 9433.25, 9175.03, 9171.88, 9170.2, 9161.51, 9389.46, 9280.45, 9231.67, ],]

EP1BSTParalel2 = [
[8992.85, 9041.51, 9313.55, 9192.92, 9191.03, 9076.26, 9021.21, 9265.04, 9216.42, 9254.62, 9384.37, 9372.97, 9173, 9406.88, ],
[9363.26, 9369.52, 9388.84, 9380.13, 9236.61, 9175.84, 9571.02, 9167.2, 9386.48, 9385.74, 9383.07, 9219.07, 9856.23, 9474.3, ],
[9632.34, 9617.3, 9631.01, 9632.3, 9999.36, 9578, 9552.89, 9327.86, 9579.19, 9359.27, 9788.36, 9717.98, 9692.08, 10357.9, ],
[11645.2, 11226.2, 11171.5, 15067.2, 13184.2, 12113.8, 11772, 11759.6, 11860.6, 11648.1, 11075.9, 11018, 11248.1, 11584.6, ],
[9909.25, 9863.85, 9870.59, 9804.52, 9754.37, 9798.4, 9844.62, 9818.5, 9890.83, 10398.3, 9680.45, 9869.29, 9815.94, 9678.7, ],
[10057.7, 10045.6, 9951.67, 9853.07, 10018.6, 9914.57, 9989.1, 9824.71, 9909.73, 9942.42, 9754.28, 9919.35, 9916.05, 9949.84, ],
[9868.5, 9969.52, 9990.9, 9876.78, 9823.25, 9514.17, 9699.59, 9701.79, 9334.79, 9359.03, 9163.88, 9144.03, 9336.95, 9213.7, ],
[9341.05, 9157.66, 9181.63, 9525.86, 9542.52, 9378.68, 9219.75, 9111.39, 9133.45, 9135.58, 9108.96, 9123.17, 9583.2, 9123.41, ],]

EP1BSTParalel3 = [
[9122.73, 9800.66, 9961.55, 9652.29, 9881.53, 9909.26, 9739.39, 9601.27, 9568.75, 9225.29, 9559.86, 9403.78, 9693.44, 9622.89, ],
[10191.2, 9629.36, 9634.17, 9795.64, 9742.29, 9976.41, 9865.74, 9817.12, 9943.61, 10249.3, 9624.74, 9620.43, 9356.04, 9629.61, ],
[9442.13, 9641.42, 9416.93, 9415.18, 9650.59, 9572.68, 9608.35, 9590.14, 9591.54, 9575.69, 9577.16, 9620.59, 9589.85, 9605.44, ],
[11000.2, 11044.8, 10742.8, 11064.6, 10769.5, 11076.1, 11313.3, 11189.3, 11025.1, 11673.5, 11317.9, 11216.9, 10890.2, 11020.1, ],
[9647.69, 9381.22, 9405.23, 9614.5, 9663.13, 9587.4, 9605.63, 9380.25, 9376.93, 9419.88, 10266.5, 10315.1, 10336.6, 9754.39, ],
[9879.16, 9981.75, 10718.4, 9533.89, 9759.98, 9584.17, 9794.14, 9867.75, 9543.76, 9559.36, 10136.9, 9722.79, 9840.25, 9789.14, ],
[9640.08, 9777.45, 9876.74, 10029.3, 9634.81, 9655.81, 9633.83, 9404.13, 9494.04, 9436.53, 9395.77, 9994.8, 9855.77, 10754.5, ],
[9678.53, 9614.72, 9625.88, 9587.32, 9446.39, 9389.16, 9805.03, 9609.6, 9386.43, 9629.44, 9451.33, 9653.89, 9608.1, 9693.16, ],]

EP1BSTParalel4 = [
[9994.58, 9780.65, 10010.9, 9587.38, 9382.43, 9515.23, 9615.05, 9616.47, 9656.19, 9479.27, 9447.08, 9413.65, 9499.54, 9636.12, ],
[9483.81, 9616.32, 9524.85, 9898.2, 9573.68, 10453.9, 9522.4, 9642.09, 9645.92, 9628.96, 9604.98, 9587.39, 9397.68, 9632, ],
[9450.99, 9399.88, 9705.73, 9602.13, 9617.08, 9616.56, 9622.41, 9658.1, 9570.49, 9591.57, 9546.05, 9644.53, 9657.66, 9610.82, ],
[10992.5, 11110.8, 11326.8, 11316.3, 11044.5, 11297.8, 11260.6, 11235.3, 11234.2, 11000.3, 11301.4, 11254.6, 11098.5, 11151.6, ],
[9806.68, 9835.08, 9788.48, 9699.22, 9744.39, 9431.04, 9624.85, 9523.04, 10043.1, 10036.3, 10602.1, 10013, 9772.96, 10201.4, ],
[9953.41, 10034.8, 10257.5, 9905.45, 9889.47, 9917.41, 10009.9, 9962.23, 9808.9, 9833.7, 9933.49, 10080.6, 10120.8, 9782.18, ],
[10118.7, 10298.9, 10733.7, 10214.6, 10344.5, 10161.8, 9844.24, 9639.39, 9796.27, 9800.53, 9855.21, 9830.71, 9619.96, 10040.8, ],
[9790.87, 9765.33, 9791.58, 9781.91, 9639.14, 9827, 9827.09, 9884.08, 9779.84, 9890.28, 9821.63, 9784.47, 10149.6, 9704.88, ],]

EP1BSTParalel8 = [
[9663.16, 9798.41, 9644.97, 9812, 9832.28, 9691.69, 9633.46, 9581.4, 9847.24, 9820.69, 9789.75, 9511.71, 9539.88, 9597.04, ],
[9667.68, 9390.63, 9628.31, 9409.31, 9622.2, 9626.54, 9925.33, 10775.1, 10696, 12025.4, 11785.4, 11485.3, 11265.4, 11097, ],
[11618.9, 12415.3, 12134.3, 11686.9, 10780.8, 11265.1, 11399.9, 11206.9, 11259, 11021.3, 10869.3, 10928, 11124.1, 10917.8, ],
[12489.6, 11327.6, 14208.9, 14472.8, 13975, 13710.8, 13166.1, 12835.1, 12254.4, 11428.5, 11380.6, 11339.8, 11207.9, 11259.3, ],
[9730.37, 9773.12, 9994.58, 9806.33, 9637.9, 9841.29, 9801.76, 9931.03, 9852.21, 9763.48, 9798.54, 9860.19, 9854.78, 9785.45, ],
[9866.95, 10021.3, 10070.6, 9944.32, 9908.74, 9972.61, 10061.6, 10021.3, 10070.2, 10517.8, 10316.4, 10020.6, 9806.11, 9879.21, ],
[9872.85, 9745.46, 9785.45, 9621.92, 9757.03, 9824.51, 9829.07, 9825.43, 9608.2, 9621.16, 9870.64, 9877.73, 9844.05, 9656.53, ],
[9680.5, 9829.65, 9912.99, 9644.34, 9893.91, 9818.05, 9735.49, 9643.87, 10264.7, 9590.52, 9654.67, 10112.6, 9668.73, 9499.48, ],]
