
P6Thread = [
[161.94 ,163.19 ,156.47 ,158.28 ,156.96 ,161.64 ,158.72 ,159.76 ,157.88 ,157.94 ,156.10 ,159.76 ,156.21 ,159.14 ,156.76 ,158.81 ,156.59 ,156.57 ,157.49 ,158.79 ,157.81 ,156.48 ,158.54 ,159.03 ,156.13 ,157.24 ,156.76 ,159.39 ,167.47 ,],
[193.47 ,155.30 ,157.73 ,156.24 ,156.26 ,202.16 ,164.53 ,155.28 ,156.41 ,156.34 ,155.49 ,158.71 ,157.55 ,176.37 ,179.74 ,158.56 ,155.59 ,158.74 ,159.20 ,155.83 ,157.17 ,157.94 ,155.54 ,156.47 ,160.16 ,155.43 ,161.79 ,155.84 ,160.61 ,],
[156.30 ,154.88 ,158.39 ,160.81 ,154.52 ,155.21 ,156.22 ,159.28 ,156.55 ,154.26 ,155.65 ,159.21 ,155.63 ,155.07 ,157.54 ,160.25 ,156.64 ,155.60 ,155.49 ,162.79 ,157.19 ,155.27 ,161.30 ,161.32 ,155.37 ,155.26 ,159.29 ,160.02 ,156.50 ,],
[157.61 ,156.74 ,160.05 ,156.94 ,155.58 ,159.43 ,161.12 ,155.34 ,154.38 ,160.06 ,163.65 ,157.46 ,154.19 ,154.94 ,161.08 ,158.07 ,154.81 ,159.49 ,160.43 ,155.17 ,155.80 ,156.95 ,159.71 ,154.24 ,154.75 ,154.95 ,158.67 ,156.78 ,156.59 ,],
[157.01 ,162.14 ,154.56 ,154.49 ,156.45 ,161.39 ,156.06 ,155.94 ,155.79 ,163.79 ,155.27 ,154.87 ,155.21 ,161.84 ,154.41 ,155.65 ,157.13 ,164.73 ,155.14 ,156.93 ,155.99 ,161.30 ,155.65 ,155.38 ,156.54 ,162.48 ,157.94 ,155.96 ,158.97 ,],
[162.98 ,155.92 ,155.62 ,155.23 ,160.44 ,154.95 ,154.72 ,155.23 ,162.84 ,155.27 ,154.68 ,156.06 ,161.06 ,154.94 ,156.10 ,157.68 ,157.99 ,154.76 ,156.05 ,155.32 ,159.84 ,156.93 ,154.91 ,156.69 ,162.75 ,157.55 ,155.66 ,159.76 ,160.24 ,],
[158.40 ,156.77 ,162.14 ,160.55 ,157.07 ,155.28 ,156.43 ,159.47 ,155.71 ,154.70 ,159.16 ,159.92 ,155.08 ,155.32 ,160.19 ,163.09 ,157.06 ,154.51 ,154.94 ,162.14 ,156.52 ,155.32 ,160.50 ,162.11 ,155.78 ,154.51 ,160.43 ,160.21 ,156.82 ,],
[160.18 ,155.81 ,160.14 ,155.49 ,154.26 ,157.73 ,160.85 ,155.25 ,154.49 ,157.59 ,171.37 ,160.07 ,158.62 ,157.78 ,162.77 ,195.20 ,161.87 ,162.12 ,163.52 ,155.54 ,158.86 ,165.16 ,160.80 ,162.06 ,158.11 ,163.56 ,161.27 ,166.26 ,174.62 ,],]

P6Thread = [
[166.95 ,157.50 ,160.00 ,162.21 ,157.70 ,159.49 ,160.12 ,162.64 ,159.26 ,159.62 ,161.16 ,159.16 ,160.34 ,157.60 ,160.32 ,161.26 ,160.22 ,161.57 ,163.37 ,160.84 ,157.88 ,159.59 ,158.96 ,160.00 ,163.71 ,158.68 ,157.29 ,160.14 ,160.30 ,],
[165.53 ,159.60 ,160.04 ,161.60 ,157.84 ,157.20 ,158.43 ,161.20 ,158.20 ,156.64 ,157.84 ,156.79 ,159.25 ,159.26 ,159.92 ,158.67 ,159.91 ,158.80 ,157.47 ,160.17 ,158.28 ,158.64 ,160.11 ,156.35 ,158.79 ,158.67 ,159.16 ,156.24 ,157.64 ,],
[158.52 ,158.85 ,160.28 ,158.43 ,155.91 ,158.18 ,156.36 ,157.55 ,156.35 ,159.07 ,156.77 ,156.75 ,155.38 ,159.89 ,158.21 ,157.73 ,155.93 ,159.87 ,158.52 ,156.20 ,161.76 ,162.11 ,159.07 ,158.41 ,157.62 ,159.55 ,156.18 ,156.30 ,157.82 ,],
[158.70 ,156.10 ,155.89 ,158.18 ,161.03 ,156.51 ,155.61 ,157.57 ,159.23 ,156.20 ,155.67 ,155.53 ,158.74 ,156.99 ,157.28 ,159.82 ,155.79 ,156.15 ,156.40 ,156.82 ,159.46 ,158.91 ,157.92 ,157.43 ,157.71 ,158.82 ,159.66 ,156.19 ,157.32 ,],
[161.89 ,156.32 ,155.59 ,159.60 ,155.71 ,155.88 ,157.63 ,158.62 ,156.75 ,156.64 ,155.39 ,163.61 ,156.15 ,156.60 ,156.16 ,160.77 ,156.91 ,158.48 ,159.73 ,159.32 ,155.83 ,156.24 ,157.66 ,161.26 ,157.18 ,156.92 ,156.51 ,157.88 ,156.16 ,],
[159.24 ,157.49 ,158.66 ,157.38 ,160.60 ,155.47 ,157.87 ,155.67 ,159.43 ,158.84 ,157.83 ,156.60 ,158.34 ,155.55 ,159.10 ,156.20 ,156.28 ,155.61 ,156.55 ,158.22 ,159.10 ,157.45 ,158.28 ,156.24 ,157.70 ,157.70 ,158.57 ,156.36 ,158.20 ,],
[160.16 ,158.90 ,157.07 ,158.77 ,156.61 ,159.39 ,157.23 ,155.54 ,158.22 ,159.07 ,155.85 ,157.84 ,157.88 ,160.67 ,160.32 ,158.53 ,160.46 ,160.14 ,156.13 ,160.43 ,156.65 ,156.14 ,155.24 ,157.01 ,159.34 ,162.11 ,161.21 ,159.34 ,156.32 ,],
[159.16 ,158.11 ,161.65 ,158.40 ,160.48 ,156.38 ,156.72 ,155.46 ,159.37 ,157.87 ,158.19 ,156.35 ,157.92 ,158.10 ,157.46 ,158.96 ,158.83 ,159.06 ,158.88 ,159.13 ,157.40 ,158.25 ,157.08 ,158.77 ,163.45 ,156.46 ,157.71 ,156.87 ,157.57 ,],]

P6Thread = [
[1594.93 ,1579.21 ,1598.81 ,1687.74 ,1625.02 ,1629.84 ,1578.33 ,1611.97 ,1602.79 ,1630.72 ,1615.22 ,1594.83 ,1597.21 ,1598.29 ,1584.22 ,1582.41 ,1596.46 ,1597.60 ,1582.89 ,1574.79 ,1600.06 ,1570.59 ,1571.42 ,1576.97 ,1570.93 ,1590.37 ,1602.54 ,1598.84 ,1588.36 ,],
[1553.12 ,1571.72 ,1622.59 ,1578.37 ,1556.05 ,1609.81 ,1577.63 ,1553.23 ,1567.77 ,1563.64 ,1550.68 ,1575.22 ,1564.19 ,1575.92 ,1570.81 ,1560.77 ,1585.13 ,1645.81 ,1559.06 ,1618.03 ,1585.29 ,1591.89 ,1587.92 ,1559.33 ,1681.58 ,1690.67 ,1575.78 ,1666.11 ,1979.58 ,],
[1745.48 ,1871.68 ,2139.70 ,2215.38 ,2202.61 ,2054.87 ,2000.13 ,2269.61 ,1740.21 ,1764.82 ,1618.37 ,1660.43 ,1628.41 ,1664.30 ,1644.27 ,1615.07 ,1611.44 ,1686.71 ,1827.70 ,1635.54 ,1586.60 ,1665.25 ,1695.15 ,1603.39 ,1643.59 ,1597.70 ,1632.65 ,1594.64 ,1599.41 ,],
[1605.27 ,1607.58 ,1586.12 ,1571.06 ,1651.86 ,1622.99 ,1592.87 ,1618.31 ,1682.79 ,1643.30 ,1712.06 ,1680.91 ,1664.32 ,1692.89 ,1865.71 ,1689.01 ,1713.78 ,1666.89 ,1679.44 ,1645.27 ,1726.03 ,1750.18 ,1726.68 ,1603.70 ,1617.01 ,1568.95 ,1575.60 ,1589.40 ,1625.03 ,],
[1666.24 ,1655.15 ,1632.58 ,1670.59 ,1638.77 ,1566.30 ,1581.76 ,1753.32 ,1983.47 ,1788.01 ,1683.65 ,1650.49 ,1699.83 ,1774.89 ,1720.77 ,1696.75 ,1701.20 ,1724.57 ,1734.69 ,1780.78 ,1733.59 ,1669.92 ,1746.20 ,1676.78 ,1756.20 ,1674.07 ,1732.23 ,1688.27 ,1659.50 ,],
[1638.96 ,1617.23 ,1608.19 ,1575.34 ,1571.89 ,1653.86 ,1956.03 ,1600.26 ,1676.24 ,1742.96 ,1612.63 ,1650.06 ,1611.83 ,1729.42 ,1886.15 ,1771.33 ,1807.20 ,1685.21 ,1617.97 ,1659.08 ,1620.54 ,1592.91 ,1662.31 ,1694.78 ,1779.43 ,1750.13 ,1623.02 ,1649.62 ,1713.66 ,],
[1740.42 ,1675.55 ,1689.97 ,1687.29 ,1615.59 ,1815.58 ,1982.63 ,1753.07 ,1686.00 ,1771.27 ,1654.11 ,1638.51 ,1694.30 ,1998.70 ,1969.46 ,1641.79 ,1758.79 ,1737.48 ,1704.06 ,1691.20 ,1772.08 ,1701.95 ,1780.61 ,1684.98 ,1706.21 ,1684.37 ,1897.96 ,1936.02 ,1780.89 ,],
[1738.13 ,1711.95 ,1717.28 ,1793.82 ,1720.15 ,1682.73 ,1838.50 ,1719.60 ,1758.52 ,1689.77 ,1663.28 ,1714.31 ,1882.88 ,1832.03 ,1862.85 ,1797.90 ,1687.16 ,1629.60 ,1696.35 ,1871.37 ,1771.59 ,1781.43 ,1656.85 ,1669.84 ,1668.86 ,1634.43 ,1688.10 ,1646.63 ,1647.18 ,],]

P6Thread = [
[

MINIMO: 4
83.78 ,

MINIMO: 5
86.00 ,

MINIMO: 15
86.84 ,

MINIMO: 66
94.75 ,

MINIMO: 31
111.82 ,

MINIMO: 1
86.81 ,

MINIMO: 1
83.59 ,

MINIMO: 5
79.47 ,

MINIMO: 23
82.16 ,

MINIMO: 25
82.46 ,

MINIMO: 17
93.15 ,

MINIMO: 18
82.20 ,

MINIMO: 5
84.91 ,

MINIMO: 26
81.11 ,

MINIMO: 16
86.14 ,

MINIMO: 33
79.28 ,

MINIMO: 8
82.15 ,

MINIMO: 6
80.11 ,

MINIMO: 9
80.74 ,

MINIMO: 2
84.19 ,

MINIMO: 2
81.84 ,

MINIMO: 12
79.43 ,

MINIMO: 18
87.69 ,

MINIMO: 0
83.14 ,

MINIMO: 10
85.05 ,

MINIMO: 59
80.37 ,

MINIMO: 33
84.23 ,

MINIMO: 12
84.24 ,

MINIMO: 26
85.34 ,],
[

MINIMO: 0
74.54 ,

MINIMO: 5
72.51 ,

MINIMO: 17
75.98 ,

MINIMO: 16
71.10 ,

MINIMO: 5
80.40 ,

MINIMO: 19
74.84 ,

MINIMO: 0
70.60 ,

MINIMO: 5
70.25 ,

MINIMO: 23
71.15 ,

MINIMO: 7
85.28 ,

MINIMO: 25
85.46 ,

MINIMO: 11
70.21 ,

MINIMO: 45
80.17 ,

MINIMO: 6
72.58 ,

MINIMO: 5
69.85 ,

MINIMO: 16
75.83 ,

MINIMO: 46
70.92 ,

MINIMO: 18
75.07 ,

MINIMO: 17
74.69 ,

MINIMO: 6
71.20 ,

MINIMO: 9
74.54 ,

MINIMO: 19
71.36 ,

MINIMO: 7
71.25 ,

MINIMO: 62
86.16 ,

MINIMO: 33
70.76 ,

MINIMO: 1
70.06 ,

MINIMO: 6
75.77 ,

MINIMO: 1
72.13 ,

MINIMO: 36
71.97 ,],
[

MINIMO: 62
82.90 ,

MINIMO: 32
69.63 ,

MINIMO: 15
70.69 ,

MINIMO: 54
70.99 ,

MINIMO: 14
70.00 ,

MINIMO: 44
70.70 ,

MINIMO: 27
69.87 ,

MINIMO: 40
69.56 ,

MINIMO: 106
70.95 ,

MINIMO: 1
70.27 ,

MINIMO: 16
70.58 ,

MINIMO: 31
69.58 ,

MINIMO: 25
74.49 ,

MINIMO: 25
84.73 ,

MINIMO: 3
69.82 ,

MINIMO: 5
70.58 ,

MINIMO: 16
70.68 ,

MINIMO: 67
70.93 ,

MINIMO: 32
71.33 ,

MINIMO: 38
70.20 ,

MINIMO: 0
69.94 ,

MINIMO: 35
70.98 ,

MINIMO: 12
71.44 ,

MINIMO: 27
69.70 ,

MINIMO: 8
72.21 ,

MINIMO: 44
82.83 ,

MINIMO: 41
72.65 ,

MINIMO: 14
74.89 ,

MINIMO: 8
76.30 ,],
[

MINIMO: 67
77.79 ,

MINIMO: 34
71.75 ,

MINIMO: 13
71.26 ,

MINIMO: 30
73.14 ,

MINIMO: 32
87.60 ,

MINIMO: 37
82.47 ,

MINIMO: 20
70.69 ,

MINIMO: 15
70.96 ,

MINIMO: 4
69.36 ,

MINIMO: 4
69.51 ,

MINIMO: 9
69.54 ,

MINIMO: 52
70.52 ,

MINIMO: 4
71.56 ,

MINIMO: 13
69.23 ,

MINIMO: 8
69.15 ,

MINIMO: 12
69.65 ,

MINIMO: 20
70.39 ,

MINIMO: 0
70.57 ,

MINIMO: 3
69.08 ,

MINIMO: 7
70.64 ,

MINIMO: 3
69.71 ,

MINIMO: 7
84.20 ,

MINIMO: 3
69.85 ,

MINIMO: 58
69.37 ,

MINIMO: 43
69.64 ,

MINIMO: 14
70.51 ,

MINIMO: 17
69.89 ,

MINIMO: 8
70.43 ,

MINIMO: 42
69.42 ,],
[

MINIMO: 3
70.08 ,

MINIMO: 14
71.35 ,

MINIMO: 33
71.17 ,

MINIMO: 7
70.53 ,

MINIMO: 17
76.81 ,

MINIMO: 8
74.42 ,

MINIMO: 15
79.35 ,

MINIMO: 33
75.78 ,

MINIMO: 7
72.79 ,

MINIMO: 1
71.97 ,

MINIMO: 37
72.94 ,

MINIMO: 27
80.70 ,

MINIMO: 3
71.25 ,

MINIMO: 2
69.60 ,

MINIMO: 9
71.23 ,

MINIMO: 3
71.78 ,

MINIMO: 5
70.88 ,

MINIMO: 26
70.22 ,

MINIMO: 12
69.80 ,

MINIMO: 19
70.18 ,

MINIMO: 51
70.51 ,

MINIMO: 6
69.86 ,

MINIMO: 8
71.46 ,

MINIMO: 19
71.42 ,

MINIMO: 40
69.55 ,

MINIMO: 11
70.84 ,

MINIMO: 49
71.15 ,

MINIMO: 12
70.78 ,

MINIMO: 82
70.24 ,],
[

MINIMO: 33
69.39 ,

MINIMO: 19
70.62 ,

MINIMO: 44
70.75 ,

MINIMO: 35
69.51 ,

MINIMO: 7
69.99 ,

MINIMO: 13
69.61 ,

MINIMO: 11
70.48 ,

MINIMO: 3
70.93 ,

MINIMO: 54
83.68 ,

MINIMO: 55
82.75 ,

MINIMO: 48
71.02 ,

MINIMO: 28
70.43 ,

MINIMO: 21
70.59 ,

MINIMO: 6
72.37 ,

MINIMO: 32
75.49 ,

MINIMO: 10
70.79 ,

MINIMO: 17
69.36 ,

MINIMO: 40
70.51 ,

MINIMO: 13
69.92 ,

MINIMO: 68
76.91 ,

MINIMO: 1
70.71 ,

MINIMO: 7
70.60 ,

MINIMO: 9
73.68 ,

MINIMO: 19
70.35 ,

MINIMO: 61
69.29 ,

MINIMO: 48
70.46 ,

MINIMO: 25
69.21 ,

MINIMO: 18
73.92 ,

MINIMO: 13
70.86 ,],
[

MINIMO: 50
69.43 ,

MINIMO: 32
69.50 ,

MINIMO: 29
77.71 ,

MINIMO: 3
69.93 ,70.33 ,74.27 ,71.14 ,88.18 ,69.84 ,72.58 ,72.53 ,69.36 ,69.20 ,77.88 ,71.29 ,69.43 ,73.13 ,75.03 ,71.55 ,73.21 ,71.44 ,70.32 ,70.94 ,78.13 ,74.54 ,69.55 ,69.80 ,70.22 ,69.26 ,],
[72.29 ,71.40 ,71.57 ,70.85 ,69.48 ,70.46 ,75.83 ,71.47 ,69.77 ,70.39 ,75.32 ,72.11 ,70.00 ,72.13 ,70.50 ,72.64 ,71.26 ,77.80 ,77.32 ,69.17 ,69.31 ,69.54 ,71.50 ,69.99 ,69.28 ,69.18 ,69.37 ,69.98 ,69.47 ,],]

P6Thread = [
[8.43, 9.45, 9.29, 9.45, 9.46, 8.65, 9.57, 9.49, 10.04, 10.46, 10.84, 9.46, 9.47, 8.89, 9.20, 9.78, 10.56, 8.57, 9.00, 9.21, 8.68, 8.69, 9.35, 8.63, 10.54, 10.59, 9.61, 8.19, 10.53, ],
[8.28, 7.71, 7.75, 8.11, 8.07, 8.20, 8.19, 7.69, 7.62, 7.59, 7.68, 7.83, 7.83, 8.11, 8.10, 7.65, 7.64, 8.23, 7.92, 8.15, 7.95, 8.01, 8.50, 7.71, 7.99, 7.59, 8.26, 8.34, 8.28, ],
[7.73, 7.48, 7.56, 7.62, 7.62, 7.58, 7.65, 7.64, 7.65, 7.53, 7.76, 7.49, 7.74, 7.51, 7.62, 7.63, 7.62, 7.56, 7.55, 7.51, 8.19, 7.49, 7.79, 8.01, 7.72, 7.47, 8.58, 7.65, 7.54, ],
[7.39, 7.89, 7.87, 8.58, 7.47, 7.43, 7.55, 7.45, 7.51, 7.69, 8.28, 7.96, 7.41, 7.56, 7.48, 7.41, 7.46, 7.45, 7.74, 7.53, 7.42, 7.68, 7.72, 8.00, 7.88, 7.84, 7.36, 7.58, 7.61, ],
[7.81, 7.48, 7.42, 7.43, 7.52, 7.52, 7.73, 7.89, 7.95, 7.41, 7.50, 7.57, 7.75, 7.59, 7.80, 7.54, 7.80, 7.85, 7.48, 7.63, 7.66, 7.65, 7.83, 7.78, 7.44, 7.61, 7.47, 7.64, 7.63, ],
[7.52, 7.58, 7.97, 7.61, 7.65, 7.65, 7.61, 8.25, 7.53, 7.65, 9.71, 7.82, 7.50, 7.61, 7.46, 7.49, 7.64, 7.54, 8.01, 7.45, 7.30, 7.51, 7.51, 8.18, 7.75, 7.82, 7.53, 7.45, 7.68, ],
[7.61, 7.48, 7.75, 7.73, 7.61, 7.50, 7.61, 7.46, 7.65, 7.55, 7.64, 7.88, 7.61, 7.46, 7.58, 7.73, 7.67, 7.65, 7.54, 7.66, 7.68, 7.68, 7.95, 7.58, 7.71, 7.55, 7.54, 7.83, 7.63, ],
[7.54, 7.63, 7.69, 8.75, 7.51, 7.65, 7.62, 7.63, 7.71, 7.78, 7.63, 7.75, 7.58, 7.60, 7.62, 7.58, 7.66, 7.54, 7.63, 7.46, 7.50, 7.55, 7.72, 7.64, 7.84, 8.60, 7.78, 7.59, 7.57, ],]

P6Thread = [
[85.40, 92.00, 82.39, 82.08, 83.21, 83.84, 81.91, 82.76, 81.82, 85.50, 81.70, 80.06, 83.35, 84.07, 81.74, 79.95, 80.44, 79.23, 81.29, 82.43, 82.35, 83.04, 80.07, 82.92, 85.64, 83.74, 83.47, 80.51, 82.77, ],
[70.92, 71.02, 72.93, 75.31, 76.90, 72.15, 72.24, 71.14, 72.32, 71.35, 72.97, 75.48, 75.38, 71.74, 71.78, 72.04, 75.13, 72.97, 73.42, 71.29, 71.53, 69.85, 71.84, 73.22, 72.08, 73.24, 74.88, 74.43, 72.63, ],
[73.15, 71.68, 70.97, 70.32, 70.67, 71.74, 70.91, 71.09, 71.47, 70.32, 72.32, 70.73, 71.86, 70.67, 72.40, 73.38, 71.24, 70.84, 72.18, 71.42, 72.23, 71.03, 71.47, 72.45, 70.58, 70.04, 71.06, 70.87, 71.82, ],
[70.42, 70.08, 70.73, 69.73, 71.83, 70.51, 70.40, 70.11, 70.82, 70.26, 71.71, 71.02, 70.44, 72.11, 74.23, 70.20, 70.36, 70.25, 70.21, 72.02, 71.17, 70.72, 71.03, 71.45, 70.80, 71.69, 71.25, 71.27, 70.81, ],
[71.24, 70.85, 69.57, 71.35, 70.42, 70.30, 71.95, 71.16, 72.03, 71.77, 70.07, 70.91, 71.39, 70.64, 71.57, 70.95, 70.40, 71.03, 70.52, 70.59, 70.87, 71.21, 71.33, 69.92, 71.46, 71.72, 71.62, 70.93, 71.55, ],
[69.75, 70.74, 70.57, 71.33, 73.49, 80.88, 69.63, 69.49, 69.61, 69.42, 69.44, 69.40, 69.45, 69.64, 69.61, 69.43, 69.80, 69.25, 69.27, 69.50, 69.20, 69.73, 69.48, 69.81, 69.60, 69.59, 69.39, 69.21, 69.16, ],
[69.83, 69.85, 69.74, 69.82, 69.41, 69.80, 69.41, 70.05, 69.03, 69.97, 69.19, 69.38, 69.62, 69.39, 69.82, 69.42, 69.24, 69.81, 69.57, 69.26, 69.63, 69.47, 69.25, 69.54, 69.54, 69.52, 69.66, 69.55, 69.92, ],
[69.69, 69.57, 71.08, 69.29, 71.61, 69.64, 69.53, 69.35, 70.28, 69.45, 69.67, 69.94, 69.49, 79.03, 78.34, 77.32, 71.41, 85.01, 73.92, 84.56, 69.80, 69.57, 69.21, 70.42, 69.80, 71.13, 71.02, 71.09, 72.31, ],]

P6Thread = [
[21.84, 21.38, 22.00, 24.86, 23.00, 20.52, 24.62, 22.41, 23.14, 29.79, 21.81, 26.72, 25.97, 21.46, 19.97, 26.40, 21.61, 26.08, 21.93, 21.33, 22.02, 25.70, 22.12, 20.00, 26.25, 21.59, 22.31, 24.35, 20.74, ],
[19.45, 18.89, 19.34, 20.65, 19.67, 19.16, 19.16, 18.97, 18.95, 18.82, 19.30, 19.46, 20.55, 18.42, 19.73, 19.71, 24.24, 18.54, 18.72, 18.41, 20.08, 19.05, 18.71, 20.26, 20.86, 18.43, 19.01, 18.73, 20.77, ],
[17.90, 19.13, 18.06, 18.03, 17.84, 19.22, 17.86, 18.05, 19.02, 17.91, 17.89, 20.85, 17.88, 18.02, 18.21, 18.73, 17.74, 19.62, 17.92, 18.27, 21.33, 20.60, 20.35, 19.64, 18.11, 18.96, 18.06, 17.87, 17.97, ],
[18.22, 17.80, 19.75, 21.46, 17.65, 20.65, 19.20, 18.53, 19.88, 20.33, 19.97, 21.08, 18.85, 20.55, 21.97, 22.59, 17.85, 17.81, 18.02, 17.83, 18.69, 18.83, 17.72, 17.56, 17.95, 17.68, 18.39, 19.19, 19.10, ],
[18.06, 17.85, 18.10, 18.67, 19.00, 18.05, 18.42, 18.11, 19.99, 18.67, 17.61, 18.05, 18.11, 18.43, 18.41, 18.17, 17.84, 18.37, 18.06, 21.12, 18.71, 18.21, 18.33, 18.13, 21.53, 18.78, 18.44, 19.12, 18.96, ],
[17.87, 22.37, 18.30, 18.39, 18.67, 19.33, 17.71, 17.75, 18.48, 21.63, 19.09, 18.85, 19.15, 18.89, 18.54, 17.91, 19.12, 21.35, 17.82, 18.79, 21.42, 17.80, 19.08, 17.83, 18.72, 19.74, 19.02, 19.30, 18.07, ],
[19.28, 18.33, 18.63, 18.45, 17.97, 18.86, 18.11, 18.28, 17.88, 19.72, 18.21, 18.51, 18.28, 18.27, 17.90, 18.87, 17.84, 18.92, 19.08, 18.76, 18.84, 18.35, 18.14, 18.55, 18.37, 18.46, 18.19, 21.19, 18.44, ],
[17.91, 21.57, 17.93, 18.01, 23.37, 18.12, 18.03, 19.23, 19.00, 18.91, 19.19, 19.16, 18.04, 18.15, 18.07, 17.73, 18.59, 17.91, 18.11, 18.28, 17.93, 17.82, 18.27, 18.92, 19.32, 22.18, 17.73, 17.98, 22.15, ],]

P6Thread = [
[42.96, 44.19, 50.42, 39.79, 43.67, 39.74, 40.42, 47.25, 43.72, 42.73, 43.44, 43.53, 42.61, 39.73, 53.07, 42.29, 43.37, 43.88, 39.66, 39.01, 42.29, 41.52, 41.15, 42.92, 51.58, 38.24, 43.37, 42.36, 42.56, ],
[37.01, 35.72, 37.47, 37.52, 39.34, 39.04, 36.72, 44.66, 37.37, 38.06, 38.91, 36.35, 38.04, 37.41, 35.20, 37.39, 37.14, 37.08, 37.50, 38.64, 36.07, 38.42, 36.19, 36.68, 38.31, 37.27, 36.24, 37.29, 36.81, ],
[36.32, 36.05, 35.58, 36.25, 36.75, 35.88, 36.26, 36.58, 35.17, 35.17, 36.34, 35.31, 35.11, 35.40, 36.60, 36.23, 36.56, 36.23, 35.38, 36.53, 36.35, 34.96, 35.28, 35.24, 35.07, 35.50, 35.29, 35.31, 35.24, ],
[34.88, 35.97, 34.85, 35.31, 35.10, 35.17, 34.85, 37.43, 34.77, 34.72, 36.40, 38.85, 40.44, 35.79, 36.55, 35.76, 36.20, 34.85, 36.79, 35.87, 34.93, 35.04, 35.06, 36.01, 35.96, 36.26, 34.98, 35.03, 35.37, ],
[37.22, 34.98, 37.22, 36.40, 37.82, 40.99, 42.72, 42.17, 42.01, 37.20, 34.93, 35.23, 35.56, 35.37, 35.44, 35.79, 35.09, 35.95, 35.33, 35.47, 38.47, 35.73, 35.33, 35.76, 35.29, 36.38, 35.03, 35.34, 35.28, ],
[35.13, 35.04, 34.80, 35.37, 34.88, 35.26, 35.08, 34.87, 35.62, 35.21, 35.04, 34.97, 35.03, 34.82, 35.44, 35.26, 35.08, 35.09, 34.51, 35.26, 35.01, 35.29, 35.48, 34.78, 35.38, 35.18, 35.22, 35.39, 35.16, ],
[35.33, 35.14, 35.32, 35.30, 35.42, 35.25, 35.58, 35.28, 35.33, 35.31, 35.12, 35.01, 36.54, 37.15, 35.39, 35.17, 35.85, 35.54, 35.17, 35.07, 35.51, 35.41, 35.39, 35.41, 35.60, 35.17, 35.22, 35.24, 35.82, ],
[35.04, 35.49, 35.51, 35.24, 35.13, 35.48, 35.20, 34.95, 39.81, 35.05, 37.46, 35.11, 35.67, 35.41, 35.39, 35.25, 36.51, 34.88, 35.09, 35.69, 35.32, 35.81, 35.44, 35.56, 35.19, 35.35, 35.02, 36.08, 35.19, ],]
