VersaoOriginal = [
[0.0028140000, 0.0013190000, 0.0013910000, 0.0013930000, 0.0010660000, 0.0010020000, 0.0012340000, 0.0013040000, 0.0012220000, 0.0011620000, 0.0014870000, 0.0016350000, 0.0011890000, 0.0014280000, 0.0011950000, 0.0013390000, 0.0012560000, 0.0013080000, 0.0012800000, 0.0011670000, 0.0008830000, 0.0012830000, 0.0014260000, 0.0015140000, 0.0013730000, 0.0011640000, 0.0012790000, 0.0013250000, 0.0013480000, 0.0012060000],
[0.0091140000, 0.0094610000, 0.0095450000, 0.0089990000, 0.0095630000, 0.0110620000, 0.0094870000, 0.0098410000, 0.0094340000, 0.0096430000, 0.0085540000, 0.0088910000, 0.0118310000, 0.0096630000, 0.0093380000, 0.0095700000, 0.0104230000, 0.0094480000, 0.0094780000, 0.0086620000, 0.0092080000, 0.0094970000, 0.0105320000, 0.0087380000, 0.0089680000, 0.0092180000, 0.0087110000, 0.0088430000, 0.0088100000, 0.0092300000],
[0.0376380000, 0.0358410000, 0.0359780000, 0.0358520000, 0.0362460000, 0.0377020000, 0.0352290000, 0.0352970000, 0.0372540000, 0.0361930000, 0.0364750000, 0.0369480000, 0.0354300000, 0.0363610000, 0.0357080000, 0.0356890000, 0.0368750000, 0.0358470000, 0.0370220000, 0.0372180000, 0.0375810000, 0.0368070000, 0.0366300000, 0.0367730000, 0.0365830000, 0.0355890000, 0.0370800000, 0.0365660000, 0.0382560000, 0.0367650000],
[0.1677810000, 0.1650350000, 0.1654880000, 0.1663950000, 0.1697100000, 0.1668610000, 0.1639740000, 0.1670310000, 0.1657390000, 0.1669150000, 0.1746220000, 0.1678610000, 0.1695590000, 0.1665280000, 0.1660900000, 0.1685660000, 0.1627010000, 0.1631910000, 0.1674950000, 0.1659500000, 0.1656930000, 0.1653630000, 0.1646310000, 0.1641740000, 0.1646120000, 0.1648770000, 0.1637550000, 0.1651610000, 0.1680630000, 0.1660940000],
[0.7071800000, 0.6994350000, 0.6978190000, 0.6994440000, 0.6919800000, 0.6977140000, 0.6940630000, 0.7043520000, 0.7028120000, 0.7026080000, 0.6982270000, 0.7329830000, 0.7082090000, 0.7078790000, 0.7017260000, 0.6997460000, 0.7126220000, 0.6981030000, 0.6993390000, 0.6985540000, 0.7008420000, 0.7026640000, 0.7018290000, 0.6967430000, 0.7013280000, 0.7049430000, 0.6952500000, 0.6942580000, 0.7028680000, 0.7026540000],
]

Versao1 = [
[0.0019360000, 0.0021980000, 0.0011570000, 0.0010410000, 0.0010440000, 0.0010220000, 0.0013640000, 0.0007960000, 0.0010700000, 0.0010190000, 0.0012410000, 0.0008980000, 0.0010850000, 0.0007390000, 0.0011430000, 0.0008200000, 0.0010870000, 0.0011840000, 0.0009940000, 0.0010360000, 0.0009970000, 0.0011260000, 0.0011560000, 0.0008860000, 0.0009110000, 0.0011420000, 0.0011320000, 0.0010560000, 0.0010360000, 0.0009980000],
[0.0089510000, 0.0090660000, 0.0087040000, 0.0073560000, 0.0070330000, 0.0078400000, 0.0086810000, 0.0084750000, 0.0086260000, 0.0080930000, 0.0078410000, 0.0069410000, 0.0084000000, 0.0079390000, 0.0086650000, 0.0086790000, 0.0075450000, 0.0073390000, 0.0075740000, 0.0073080000, 0.0071700000, 0.0085430000, 0.0078380000, 0.0080120000, 0.0080220000, 0.0080110000, 0.0071470000, 0.0071650000, 0.0100820000, 0.0085230000],
[0.0332420000, 0.0324560000, 0.0321250000, 0.0315890000, 0.0314270000, 0.0319610000, 0.0337180000, 0.0319360000, 0.0330420000, 0.0310340000, 0.0311660000, 0.0314760000, 0.0316480000, 0.0315620000, 0.0309860000, 0.0309820000, 0.0319130000, 0.0315950000, 0.0313400000, 0.0334580000, 0.0309130000, 0.0310200000, 0.0327160000, 0.0314990000, 0.0322180000, 0.0317290000, 0.0321130000, 0.0321950000, 0.0327520000, 0.0317890000],
[0.1457620000, 0.1472520000, 0.1466030000, 0.1456710000, 0.1464810000, 0.1450710000, 0.1472630000, 0.1451440000, 0.1456230000, 0.1452450000, 0.1481110000, 0.1444590000, 0.1480960000, 0.1451790000, 0.1493000000, 0.1437180000, 0.1455060000, 0.1449290000, 0.1469370000, 0.1447300000, 0.1467870000, 0.1468580000, 0.1463030000, 0.1459300000, 0.1477950000, 0.1461580000, 0.1468480000, 0.1451290000, 0.1461690000, 0.1444880000],
[0.6724090000, 0.6699640000, 0.6689910000, 0.6700880000, 0.6720650000, 0.6736040000, 0.6789050000, 0.6758770000, 0.6879320000, 0.7086090000, 0.7577820000, 0.6888590000, 0.7545340000, 0.7226830000, 0.7039360000, 0.6751130000, 0.6761030000, 0.6749280000, 0.7424500000, 0.6906920000, 0.6782580000, 0.6890870000, 0.8259230000, 0.6930130000, 0.6839800000, 0.6715300000, 0.6731320000, 0.6825330000, 0.6720520000, 0.6931420000],
]

Versao2 = [
[0.0012020000, 0.0010650000, 0.0008100000, 0.0010920000, 0.0011440000, 0.0011140000, 0.0007890000, 0.0012090000, 0.0011090000, 0.0009280000, 0.0009800000, 0.0012870000, 0.0010980000, 0.0009820000, 0.0009780000, 0.0011320000, 0.0011120000, 0.0010370000, 0.0007450000, 0.0010100000, 0.0008660000, 0.0007310000, 0.0012180000, 0.0007360000, 0.0007400000, 0.0011650000, 0.0011370000, 0.0011500000, 0.0009960000, 0.0010630000],
[0.0081650000, 0.0070930000, 0.0080730000, 0.0073100000, 0.0075130000, 0.0073810000, 0.0084160000, 0.0070810000, 0.0082680000, 0.0095270000, 0.0077080000, 0.0075580000, 0.0081150000, 0.0076660000, 0.0077750000, 0.0073440000, 0.0078790000, 0.0073310000, 0.0073560000, 0.0079650000, 0.0088550000, 0.0083390000, 0.0091150000, 0.0076730000, 0.0086730000, 0.0081900000, 0.0075000000, 0.0083720000, 0.0079240000, 0.0072030000],
[0.0340300000, 0.0316950000, 0.0315210000, 0.0325250000, 0.0318410000, 0.0319310000, 0.0337400000, 0.0325440000, 0.0317310000, 0.0315200000, 0.0314010000, 0.0322040000, 0.0318070000, 0.0320660000, 0.0336210000, 0.0318950000, 0.0329330000, 0.0333430000, 0.0314700000, 0.0310710000, 0.0321080000, 0.0313980000, 0.0317860000, 0.0325170000, 0.0319900000, 0.0323420000, 0.0336280000, 0.0323590000, 0.0329490000, 0.0324230000],
[0.1552970000, 0.1510650000, 0.1523750000, 0.1485150000, 0.1509830000, 0.1479000000, 0.1501000000, 0.1462250000, 0.1470140000, 0.1447410000, 0.1472610000, 0.1456100000, 0.1477520000, 0.1446060000, 0.1465730000, 0.1438410000, 0.1478160000, 0.1471350000, 0.1489110000, 0.1482020000, 0.1481460000, 0.1464230000, 0.1465730000, 0.1449450000, 0.1456720000, 0.1458010000, 0.1470020000, 0.1447540000, 0.1460030000, 0.1455070000],
[0.7060600000, 0.7146280000, 0.7101930000, 0.7078450000, 0.7231690000, 0.7044460000, 0.7191390000, 0.7304080000, 0.7059500000, 0.7027320000, 0.7091540000, 0.7078880000, 0.7078190000, 0.7058310000, 0.7168730000, 0.7073980000, 0.7204640000, 0.7070130000, 0.7064640000, 0.7053730000, 0.7086760000, 0.7042160000, 0.7057930000, 0.7006820000, 0.7039830000, 0.7118790000, 0.7483630000, 0.7329410000, 0.7148840000, 0.7277180000],
]

Versao3 = [
[0.0024670000, 0.0009070000, 0.0011510000, 0.0009500000, 0.0011340000, 0.0011080000, 0.0011880000, 0.0010530000, 0.0009920000, 0.0008080000, 0.0014140000, 0.0010800000, 0.0012200000, 0.0010210000, 0.0012130000, 0.0010960000, 0.0009520000, 0.0011810000, 0.0012690000, 0.0011740000, 0.0010340000, 0.0009890000, 0.0010960000, 0.0008600000, 0.0010110000, 0.0008600000, 0.0010570000, 0.0012360000, 0.0009400000, 0.0010730000],
[0.0075090000, 0.0081750000, 0.0067990000, 0.0068380000, 0.0073410000, 0.0085590000, 0.0070620000, 0.0068600000, 0.0084090000, 0.0074190000, 0.0073890000, 0.0067210000, 0.0069880000, 0.0077290000, 0.0074940000, 0.0090010000, 0.0077230000, 0.0072610000, 0.0066650000, 0.0069840000, 0.0069490000, 0.0074370000, 0.0069690000, 0.0074190000, 0.0074200000, 0.0068840000, 0.0089090000, 0.0077530000, 0.0070480000, 0.0073790000],
[0.0217650000, 0.0230150000, 0.0215410000, 0.0209100000, 0.0206180000, 0.0212800000, 0.0226830000, 0.0209670000, 0.0212810000, 0.0222100000, 0.0224880000, 0.0212140000, 0.0211520000, 0.0211930000, 0.0226040000, 0.0213620000, 0.0211370000, 0.0214820000, 0.0209640000, 0.0224220000, 0.0212630000, 0.0210570000, 0.0211570000, 0.0215060000, 0.0214620000, 0.0210700000, 0.0213080000, 0.0224300000, 0.0225080000, 0.0217990000],
[0.1000870000, 0.0998020000, 0.0982800000, 0.0979400000, 0.0959920000, 0.0939630000, 0.0948060000, 0.0946110000, 0.0931810000, 0.0952140000, 0.0943920000, 0.0957140000, 0.0974130000, 0.0985400000, 0.0972890000, 0.0977380000, 0.0944810000, 0.0941650000, 0.0939600000, 0.0927730000, 0.0945860000, 0.0943800000, 0.0959110000, 0.0954050000, 0.0937440000, 0.0951200000, 0.0928220000, 0.0938130000, 0.0943530000, 0.0934300000],
[0.2583050000, 0.2597830000, 0.2566890000, 0.2580430000, 0.2631360000, 0.2565280000, 0.2595620000, 0.2616420000, 0.2626110000, 0.2623090000, 0.2573760000, 0.2578000000, 0.2574350000, 0.2579010000, 0.2589720000, 0.2579890000, 0.2583240000, 0.2615540000, 0.2611910000, 0.2582170000, 0.2589310000, 0.2567330000, 0.2575650000, 0.2559650000, 0.2609590000, 0.2604470000, 0.2574690000, 0.2619120000, 0.2562140000, 0.2568360000],
]

Versao4 = [
[0.0014970000, 0.0010850000, 0.0010980000, 0.0012040000, 0.0014960000, 0.0009810000, 0.0010080000, 0.0009680000, 0.0012050000, 0.0009920000, 0.0011870000, 0.0011170000, 0.0013040000, 0.0009520000, 0.0009810000, 0.0008840000, 0.0009460000, 0.0012370000, 0.0010770000, 0.0010390000, 0.0013350000, 0.0011590000, 0.0011220000, 0.0009160000, 0.0010510000, 0.0010410000, 0.0010660000, 0.0009320000, 0.0010300000, 0.0010040000],
[0.0069180000, 0.0078470000, 0.0077090000, 0.0079370000, 0.0079830000, 0.0078020000, 0.0077180000, 0.0076950000, 0.0077740000, 0.0073980000, 0.0071890000, 0.0079440000, 0.0075620000, 0.0075110000, 0.0070650000, 0.0090440000, 0.0077140000, 0.0077470000, 0.0075780000, 0.0075120000, 0.0069950000, 0.0089210000, 0.0075770000, 0.0071380000, 0.0074860000, 0.0076870000, 0.0075720000, 0.0085710000, 0.0067380000, 0.0072940000],
[0.0220490000, 0.0229940000, 0.0217150000, 0.0232490000, 0.0218030000, 0.0217220000, 0.0215490000, 0.0232330000, 0.0226110000, 0.0217280000, 0.0220690000, 0.0232890000, 0.0219020000, 0.0215180000, 0.0217490000, 0.0231280000, 0.0220600000, 0.0227370000, 0.0217770000, 0.0228440000, 0.0223120000, 0.0221700000, 0.0226280000, 0.0222450000, 0.0224780000, 0.0216560000, 0.0216510000, 0.0236560000, 0.0244660000, 0.0221240000],
[0.1000690000, 0.0997790000, 0.0992820000, 0.1013840000, 0.1036320000, 0.1022810000, 0.1006060000, 0.1003160000, 0.1015030000, 0.0976250000, 0.1005020000, 0.1000260000, 0.0992350000, 0.1023880000, 0.1011950000, 0.1007130000, 0.0990650000, 0.1062680000, 0.1069410000, 0.1052640000, 0.1031300000, 0.1039380000, 0.0997750000, 0.0992980000, 0.1028840000, 0.1029160000, 0.0999720000, 0.0966700000, 0.0986480000, 0.0994280000],
[0.2865200000, 0.2856680000, 0.2840080000, 0.2823160000, 0.2858340000, 0.2874350000, 0.2847250000, 0.2875290000, 0.2830440000, 0.2831780000, 0.2871650000, 0.2844360000, 0.2900470000, 0.2817630000, 0.2840320000, 0.2870340000, 0.2911880000, 0.2856140000, 0.2916350000, 0.2859470000, 0.2853630000, 0.2888160000, 0.2868290000, 0.2918690000, 0.2865100000, 0.2869900000, 0.2849210000, 0.2859790000, 0.2894740000, 0.2969090000],
]

Versao5 = [
[0.0007580000, 0.0004130000, 0.0003330000, 0.0003150000, 0.0002790000, 0.0003180000, 0.0001960000, 0.0004310000, 0.0003420000, 0.0004780000, 0.0003200000, 0.0002710000, 0.0002080000, 0.0001970000, 0.0001970000, 0.0003270000, 0.0003160000, 0.0001980000, 0.0002640000, 0.0001950000, 0.0001960000, 0.0002530000, 0.0002630000, 0.0003230000, 0.0003180000, 0.0003270000, 0.0001980000, 0.0002680000, 0.0002460000, 0.0003320000],
[0.0024410000, 0.0027650000, 0.0028690000, 0.0025220000, 0.0024570000, 0.0024380000, 0.0025260000, 0.0030330000, 0.0030750000, 0.0024100000, 0.0027010000, 0.0030030000, 0.0030900000, 0.0029830000, 0.0028970000, 0.0026610000, 0.0027760000, 0.0032240000, 0.0021350000, 0.0027480000, 0.0023130000, 0.0020890000, 0.0019800000, 0.0028620000, 0.0024180000, 0.0026430000, 0.0029150000, 0.0028170000, 0.0024940000, 0.0020360000],
[0.0092190000, 0.0082300000, 0.0084630000, 0.0084560000, 0.0083120000, 0.0080810000, 0.0079730000, 0.0081420000, 0.0086760000, 0.0082260000, 0.0082620000, 0.0087200000, 0.0080790000, 0.0082140000, 0.0080160000, 0.0079870000, 0.0078320000, 0.0083250000, 0.0080460000, 0.0078700000, 0.0098850000, 0.0079490000, 0.0080550000, 0.0087410000, 0.0080500000, 0.0080040000, 0.0077940000, 0.0079220000, 0.0081060000, 0.0085580000],
[0.0323570000, 0.0323900000, 0.0335830000, 0.0315820000, 0.0308740000, 0.0319240000, 0.0306550000, 0.0319750000, 0.0319350000, 0.0305920000, 0.0334570000, 0.0315530000, 0.0315670000, 0.0331230000, 0.0324540000, 0.0323210000, 0.0321060000, 0.0333590000, 0.0354530000, 0.0355250000, 0.0323470000, 0.0318670000, 0.0318710000, 0.0329770000, 0.0317130000, 0.0332380000, 0.0328600000, 0.0309910000, 0.0330670000, 0.0322160000],
[0.1037850000, 0.0969210000, 0.0978880000, 0.0961970000, 0.0985480000, 0.1011330000, 0.1086670000, 0.1023930000, 0.1028020000, 0.1002740000, 0.0996970000, 0.0995500000, 0.0987450000, 0.0961630000, 0.0976130000, 0.0984250000, 0.1021690000, 0.1009880000, 0.1052420000, 0.0971220000, 0.1028270000, 0.0993890000, 0.1030730000, 0.0989460000, 0.1026650000, 0.0997950000, 0.1016400000, 0.0989480000, 0.1063240000, 0.1114770000],
]

Versao6 = [
[0.0004530000, 0.0003160000, 0.0003710000, 0.0002910000, 0.0002090000, 0.0003920000, 0.0003850000, 0.0003040000, 0.0001790000, 0.0002550000, 0.0002100000, 0.0002750000, 0.0001740000, 0.0003060000, 0.0002040000, 0.0002740000, 0.0001700000, 0.0002130000, 0.0002020000, 0.0001610000, 0.0002750000, 0.0002440000, 0.0001940000, 0.0003000000, 0.0001960000, 0.0001980000, 0.0001850000, 0.0002400000, 0.0002750000, 0.0001700000],
[0.0014730000, 0.0016580000, 0.0021230000, 0.0022860000, 0.0021480000, 0.0021170000, 0.0019260000, 0.0018390000, 0.0022020000, 0.0022170000, 0.0021860000, 0.0022210000, 0.0017840000, 0.0028480000, 0.0016750000, 0.0020160000, 0.0016540000, 0.0022340000, 0.0022910000, 0.0021070000, 0.0021610000, 0.0023400000, 0.0022610000, 0.0014900000, 0.0021780000, 0.0022720000, 0.0021410000, 0.0022300000, 0.0021660000, 0.0017470000],
[0.0052890000, 0.0077840000, 0.0051690000, 0.0065130000, 0.0055810000, 0.0057610000, 0.0054180000, 0.0058010000, 0.0054730000, 0.0055210000, 0.0057710000, 0.0050630000, 0.0057350000, 0.0052080000, 0.0055510000, 0.0057930000, 0.0050750000, 0.0054000000, 0.0058380000, 0.0060070000, 0.0055040000, 0.0058280000, 0.0051420000, 0.0055570000, 0.0055910000, 0.0063290000, 0.0055220000, 0.0062560000, 0.0059020000, 0.0052840000],
[0.0207640000, 0.0202760000, 0.0201790000, 0.0202230000, 0.0201400000, 0.0211940000, 0.0223720000, 0.0201690000, 0.0201280000, 0.0214640000, 0.0200160000, 0.0201960000, 0.0205550000, 0.0225880000, 0.0210320000, 0.0202360000, 0.0200760000, 0.0211320000, 0.0200360000, 0.0203360000, 0.0199040000, 0.0215770000, 0.0211690000, 0.0201240000, 0.0201120000, 0.0227270000, 0.0217860000, 0.0204010000, 0.0202910000, 0.0210780000],
[0.0567450000, 0.0554340000, 0.0574160000, 0.0573290000, 0.0558100000, 0.0564240000, 0.0572070000, 0.0560440000, 0.0572790000, 0.0581050000, 0.0564970000, 0.0568760000, 0.0568380000, 0.0561920000, 0.0565880000, 0.0574480000, 0.0579130000, 0.0560640000, 0.0577630000, 0.0566910000, 0.0553230000, 0.0577550000, 0.0557970000, 0.0560630000, 0.0571840000, 0.0577320000, 0.0557800000, 0.0574510000, 0.0559820000, 0.0574530000],
]

Versao7 = [
[0.0013720000, 0.0013100000, 0.0008740000, 0.0009430000, 0.0007570000, 0.0009400000, 0.0011520000, 0.0010730000, 0.0010450000, 0.0011000000, 0.0009300000, 0.0008930000, 0.0009520000, 0.0007980000, 0.0009580000, 0.0009660000, 0.0009530000, 0.0010780000, 0.0009720000, 0.0010170000, 0.0011460000, 0.0008140000, 0.0010880000, 0.0007800000, 0.0008240000, 0.0010060000, 0.0011790000, 0.0010620000, 0.0010500000, 0.0008220000],
[0.0079420000, 0.0075380000, 0.0074670000, 0.0076200000, 0.0080970000, 0.0082610000, 0.0075770000, 0.0083740000, 0.0077830000, 0.0076660000, 0.0073790000, 0.0072660000, 0.0073370000, 0.0074480000, 0.0076510000, 0.0074020000, 0.0078820000, 0.0075220000, 0.0080440000, 0.0084130000, 0.0076920000, 0.0078980000, 0.0073030000, 0.0074760000, 0.0078010000, 0.0076150000, 0.0084880000, 0.0072040000, 0.0083100000, 0.0072470000],
[0.0326620000, 0.0310760000, 0.0329410000, 0.0310010000, 0.0331970000, 0.0322840000, 0.0345090000, 0.0315310000, 0.0322140000, 0.0322810000, 0.0314500000, 0.0312440000, 0.0315990000, 0.0312310000, 0.0327360000, 0.0322760000, 0.0320720000, 0.0335920000, 0.0336180000, 0.0319060000, 0.0331420000, 0.0323440000, 0.0324160000, 0.0324330000, 0.0336130000, 0.0334510000, 0.0322870000, 0.0325240000, 0.0330200000, 0.0320690000],
[0.1539890000, 0.1506950000, 0.1477320000, 0.1467760000, 0.1480390000, 0.1463680000, 0.1478130000, 0.1450830000, 0.1482870000, 0.1456690000, 0.1483870000, 0.1469970000, 0.1472070000, 0.1473580000, 0.1466850000, 0.1488700000, 0.1463260000, 0.1454720000, 0.1484710000, 0.1453430000, 0.1495510000, 0.1444710000, 0.1443530000, 0.1525100000, 0.1505460000, 0.1487470000, 0.1449560000, 0.1460110000, 0.1463670000, 0.1483350000],
[0.7020540000, 0.6940270000, 0.6985640000, 0.6742830000, 0.6738190000, 0.6800330000, 0.6705240000, 0.6781900000, 0.6733280000, 0.6747990000, 0.6797280000, 0.6715050000, 0.6764310000, 0.6803180000, 0.6762380000, 0.6938640000, 0.6812380000, 0.6727200000, 0.6701250000, 0.6906600000, 0.6764650000, 0.6808010000, 0.7062900000, 0.6743500000, 0.6819220000, 0.6745990000, 0.6813220000, 0.6857860000, 0.6736960000, 0.6718420000],
]