
P5 = [
[1966.42, 1947.07, 1952.39, 2016.93, 1963.92, 1950.82, 2019.86, 1971.79, 1974.99, 1952.05, 1944.59, 1951.39, 1949.68, 1965.63, 1973.08, 1975.21, 1970.10, 1961.36, 1960.29, 2002.98, 1953.72, 1958.39, 1955.34, 1960.89, 1972.68, 1968.31, 1993.18, 1950.54, 1960.19],
[1976.73, 1981.65, 1969.32, 1976.48, 1952.91, 1975.20, 1974.06, 1970.37, 1964.38, 1981.38, 1966.75, 1966.35, 1989.34, 1982.71, 1966.98, 1967.08, 1964.81, 1950.56, 1960.33, 1985.78, 1965.43, 1969.00, 1959.76, 1963.86, 1958.42, 1977.25, 1962.72, 1953.04, 1970.24],
[1981.71, 1978.67, 1959.57, 1980.82, 1971.35, 1955.09, 1960.20, 1970.14, 1971.37, 1974.77, 1968.07, 1985.83, 1982.71, 1965.88, 1967.14, 1986.19, 1983.49, 1990.30, 1992.87, 1992.07, 1978.39, 1981.97, 1980.06, 1989.41, 1978.08, 1975.05, 1962.40, 1955.05, 1984.72],
[1962.28, 1955.06, 1961.24, 1977.71, 1959.69, 1966.82, 1984.96, 1962.59, 1970.65, 1964.87, 1974.92, 1974.21, 1973.19, 1971.39, 1964.98, 1949.01, 1955.46, 1961.53, 1971.49, 1965.20, 2012.36, 1953.99, 1984.86, 1966.56, 1957.27, 1976.86, 1955.70, 1972.21, 1953.88],
[1977.73, 1975.17, 1960.46, 1973.21, 1962.98, 1955.45, 1962.54, 2026.26, 1976.28, 1963.11, 1978.56, 1966.27, 1957.34, 1957.60, 1965.90, 1960.03, 2029.33, 1952.75, 1974.38, 1988.06, 1971.89, 1972.19, 1974.29, 1986.71, 2038.94, 1959.74, 2109.26, 1956.00, 1960.85],
[1954.43, 1980.63, 1981.99, 1972.98, 1965.42, 1956.27, 1963.60, 2099.25, 1979.83, 1958.12, 1966.29, 1977.51, 1974.53, 1951.59, 1961.31, 2043.94, 1971.54, 1975.43, 1966.27, 1960.86, 1970.67, 1965.58, 1956.82, 1975.88, 1983.87, 1971.28, 1982.35, 1966.60, 1968.47],
[1974.63, 1957.73, 1963.57, 1953.13, 1961.17, 1974.17, 1953.76, 1986.60, 1961.22, 1962.60, 1984.47, 1962.24, 1988.78, 1958.97, 1972.96, 1977.28, 1976.48, 1961.16, 1949.05, 1961.13, 1948.27, 1972.21, 2011.65, 1956.96, 1966.41, 1946.68, 1961.15, 1967.83, 1975.81],
[1963.89, 1969.89, 1962.16, 1967.21, 1970.11, 1968.12, 1978.22, 2002.76, 1978.22, 1960.14, 1982.15, 1971.93, 1970.09, 1969.77, 1973.86, 1978.58, 1961.88, 1971.24, 1952.07, 1973.60, 1981.90, 1958.92, 1957.98, 2035.71, 1945.03, 1965.60, 1981.78, 1958.94, 1947.73]
]

P5pThread = [
[1991.08, 2003.56, 2000.12, 1994.64, 2008.36, 1985.55, 2005.91, 1988.65, 1993.28, 2010.21, 1994.36, 1993.43, 1983.27, 1983.06, 1999.55, 1987.80, 1989.03, 1984.25, 1987.22, 1980.63, 1978.56, 2013.80, 1994.24, 1998.05, 1995.53, 1984.45, 1999.44, 2001.97, 1994.53],
[1080.24, 1094.65, 1091.44, 1079.80, 1082.18, 1090.58, 1078.04, 1081.91, 1089.40, 1078.56, 1084.80, 1081.98, 1088.54, 1080.67, 1086.27, 1076.05, 1081.98, 1085.30, 1105.10, 1073.73, 1081.69, 1077.32, 1107.80, 1152.07, 1074.54, 1095.35, 1086.29, 1084.11, 1087.06],
[1024.00, 1019.03, 1010.49, 1003.54, 999.73, 983.53, 988.26, 986.03, 979.48, 1002.76, 1023.01, 985.30, 987.11, 990.61, 984.96, 993.52, 1020.25, 981.76, 980.73, 971.38, 978.28, 982.48, 1001.01, 995.05, 982.97, 1009.43, 992.97, 996.97, 975.35],
[891.63, 911.34, 931.19, 907.43, 850.96, 822.36, 832.29, 830.55, 844.79, 884.29, 888.67, 837.95, 828.51, 819.28, 836.87, 826.45, 880.60, 956.21, 985.71, 918.59, 835.10, 817.50, 833.47, 842.03, 823.34, 897.96, 903.90, 828.31, 849.53],
[860.59, 848.06, 869.28, 849.60, 864.24, 904.78, 862.99, 864.99, 829.13, 862.98, 828.88, 856.01, 913.96, 879.08, 861.61, 858.36, 914.25, 870.29, 831.98, 843.13, 901.71, 902.43, 894.74, 876.63, 834.18, 862.67, 868.51, 868.14, 897.55],
[902.76, 856.70, 914.63, 831.07, 841.20, 851.97, 846.73, 844.05, 885.05, 904.83, 894.54, 862.70, 830.52, 872.79, 852.37, 855.13, 844.77, 911.84, 885.92, 827.17, 838.89, 826.95, 841.41, 843.50, 870.68, 899.12, 845.43, 826.92, 846.12],
[858.96, 851.99, 837.89, 877.23, 886.86, 840.27, 834.74, 839.35, 835.81, 834.21, 857.15, 874.19, 835.73, 856.42, 841.68, 835.27, 840.33, 847.12, 870.67, 851.44, 841.56, 831.59, 833.19, 838.92, 854.79, 889.83, 839.90, 824.46, 824.23],
[878.00, 829.75, 843.14, 887.10, 835.76, 843.98, 848.54, 824.87, 852.18, 831.84, 882.88, 835.49, 841.78, 837.42, 837.77, 836.09, 839.14, 882.80, 830.57, 828.44, 829.56, 836.45, 842.64, 841.85, 866.26, 845.80, 819.35, 838.42, 836.66]
]

P5thread = [
[1994.82, 1983.07, 1974.49, 1984.13, 1981.67, 1972.11, 1977.36, 1971.87, 1987.54, 1972.26, 1983.93, 1982.75, 1979.25, 1978.76, 1992.34, 1982.76, 1974.14, 1979.80, 1984.55, 1984.25, 1982.22, 1983.98, 1995.11, 1986.20, 1988.34, 1987.03, 1990.01, 1969.00, 1990.65],
[1086.48, 1072.67, 1076.37, 1077.25, 1074.65, 1071.71, 1073.78, 1070.03, 1084.03, 1074.05, 1067.62, 1072.91, 1083.07, 1072.08, 1069.33, 1061.82, 1082.58, 1073.11, 1080.41, 1160.32, 1070.45, 1077.35, 1079.76, 1075.77, 1068.35, 1075.66, 1071.57, 1069.89, 1074.15],
[979.34, 947.97, 957.62, 954.10, 962.47, 957.25, 964.78, 958.98, 962.72, 954.81, 963.06, 956.96, 963.53, 965.08, 961.15, 948.15, 950.33, 957.96, 968.72, 942.59, 977.57, 971.56, 969.85, 960.60, 986.22, 992.19, 965.70, 968.04, 1013.13],
[893.32, 880.50, 817.16, 838.11, 813.79, 836.96, 825.83, 851.74, 903.72, 838.03, 831.73, 836.78, 843.50, 826.64, 849.71, 898.00, 839.63, 823.84, 829.88, 820.15, 847.22, 852.41, 880.51, 834.57, 817.05, 825.70, 819.66, 827.31, 874.93],
[894.90, 879.41, 834.95, 850.66, 842.88, 861.81, 885.87, 898.70, 900.73, 833.91, 885.80, 864.28, 897.99, 847.79, 830.29, 843.65, 904.71, 847.90, 876.41, 849.95, 854.24, 884.64, 883.44, 844.41, 847.60, 853.23, 848.37, 845.59, 853.54],
[893.38, 914.02, 918.48, 875.09, 877.68, 860.36, 848.60, 848.17, 829.90, 842.19, 848.47, 873.70, 843.37, 848.93, 838.58, 838.68, 845.69, 836.68, 864.97, 878.22, 1074.33, 1092.75, 1119.98, 1090.76, 914.16, 846.56, 865.91, 923.34, 895.69],
[894.46, 889.67, 928.65, 1123.05, 947.51, 896.84, 932.40, 977.25, 952.79, 949.59, 888.70, 845.90, 832.83, 850.41, 881.00, 892.83, 882.07, 917.57, 930.73, 958.13, 991.34, 899.66, 824.65, 838.75, 859.88, 875.36, 885.91, 883.10, 905.95],
[877.29, 886.02, 818.61, 837.51, 853.36, 886.62, 891.75, 880.73, 934.52, 949.40, 955.63, 884.17, 825.79, 822.98, 876.42, 870.71, 865.92, 937.44, 901.22, 924.27, 880.83, 831.84, 820.61, 843.42, 878.68, 866.39, 879.61, 907.60, 960.08]
]
