somaCritical = [;
11979,2;
11622,4;
10861,7;
10880,4;
12137,4;
11361,4;
11093,1;
11495,8;
11859,6;
11890;
11832,2;
11461,2;
10561,8;
11405,6;
11342,8;
11911,4;
10540,4;
11241;
11428,4;
10013,2;
11862,8;
10142;
11263,4;
11311,1;
11481,5;
12023,9;
11757,7;
11658,4;
10606;
];
;
somaAtomic = 
3601,85;
3751,49;
3655,18;
3740,97;
3749,72;
3709,44;
2702,08;
3656,45;
3561,57;
3611,04;
2872,3;
3712,97;
3609,66;
2762,68;
3598,06;
2664,01;
2746,61;
2669,18;
2725,25;
3678,5;
3675,03;
3572,28;
2521,19;
2663,97;
2212,92;
2623,23;
2680,45;
3017,5;
3328,19
];
;
somaReduction =
56,573;
37,717;
38,74;
35,481;
36,41;
35,519;
36,918;
36,641;
36,4;
36,595;
38,888;
34,993;
47,053;
40,453;
52,476;
50,699;
43,279;
38,117;
36,072;
36,392;
49,759;
35,729;
36,16;
42,275;
42,507;
36,451;
44,557;
39,759;
42,816
];

somaSequencial = [
41,275;
38,917;
38,76;
39,45;
50,849;
38,877;
39,15;
39,751;
39,45;
39,088;
39,547;
39,572;
38,229;
40,096;
38,883;
38,928;
38,779;
39,504;
40,788;
43,267;
39,203;
38,038;
42,825;
39,013;
39,421;
36,989;
39,094;
38,927;
37,063;
]
